2651220269 2651221046 36
3672384708 3672385043 12
2369645878 2369646527 30
2214843783 2214843810 0
1885888749 1885889512 44
3332694466 3332694892 22
1607544908 1607545119 13
816297935 816298364 21
1197487312 1197488174 38
2378839190 2378839325 4
2903493731 2903493753 2
2004856127 2004856294 9
3148979849 3148979860 2
2787654271 2787654644 15
2774029340 2774030124 35
2491473735 2491474059 10
2188462685 2188463098 16
597579617 597580597 54
2661001829 2661002691 40
1025906166 1025906447 19
2596123230 2596123314 4
2399996663 2399997168 23
2438372575 2438372888 13
2575541981 2575542876 36
2940920127 2940920941 34
2158748801 2158749165 13
2134657793 2134657880 7
1301544084 1301544262 8
2490089372 2490089775 20
2670895405 2670895804 19
3318094992 3318095668 32
2787941107 2787941119 0
2605334812 2605334906 4
2992438334 2992438904 30
4016611812 4016612279 18
3268776698 3268777600 46
1934143809 1934144461 34
1620258057 1620258337 13
995933727 995934592 44
1258658133 1258658752 32
492303169 492303200 2
3747846214 3747846985 32
2292725156 2292725865 32
1423403494 1423404350 42
1780051850 1780052436 33
1841732271 1841732954 28
1952434843 1952435371 23
2153138603 2153139432 41
893939522 893939792 9
2983323076 2983323791 25
3004744489 3004745285 34
1406843341 1406843586 15
589616297 589617218 44
2991435934 2991436422 22
450425992 450426833 42
2349957543 2349958043 21
2258844798 2258844922 4
164261901 164262757 45
1662720234 1662720461 15
2801858224 2801859160 40
1957603983 1957604420 20
2448052503 2448052910 15
2766177595 2766178453 37
3369830424 3369830661 11
2956482028 2956482846 41
3395260571 3395260582 2
3659975457 3659976233 42
3537286847 3537287610 29
2499969151 2499969757 32
3691439744 3691440562 38
1927905816 1927906185 25
1996637834 1996638830 47
1203031067 1203031537 26
1839810673 1839811172 20
3182896497 3182897141 28
2717373095 2717373234 7
2284972740 2284973409 35
1690646624 1690647088 19
940049704 940050059 19
3074605152 3074605763 23
2487701450 2487701749 18
2184083089 2184083657 26
1423109762 1423110073 13
2941881415 2941882216 40
1141899391 1141900269 38
2916040625 2916041361 37
2024328070 2024328592 23
2873090173 2873090589 18
1331621540 1331622464 41
3357609699 3357610323 30
1015494636 1015495088 27
2705331278 2705331828 27
2285237539 2285238512 34
2521391012 2521391942 31
2488654827 2488655487 32
2996027362 2996028343 52
3143801895 3143802854 47
2296986586 2296987254 27
3992868285 3992869211 42
2141481550 2141481890 13
2581749774 2581750150 17
2946611478 2946611585 6
937737201 937737380 10
2053125305 2053125717 25
1690135520 1690136179 34
3031664345 3031664555 9
2352633929 2352634135 10
1938017014 1938017386 19
1330976576 1330977395 28
1471562320 1471563224 37
3286895750 3286896690 41
2822227372 2822227600 10
2261640277 2261641261 49
880760578 880760802 13
1621469691 1621470087 23
1330699711 1330699795 5
2924491264 2924491936 39
1984721475 1984721860 19
1384480521 1384481161 34
2455389940 2455390653 34
2112608488 2112609012 29
1371630799 1371631380 27
2937788155 2937788887 37
2653867149 2653867153 0
893775148 893775421 18
2293650626 2293650881 10
3407070002 3407070581 22
3082867877 3082868082 12
1470547188 1470547692 24
415492574 415493328 41
2059185585 2059186529 35
393441404 393441910 25
2659838805 2659839647 36
1206180396 1206180585 10
2380558780 2380559738 41
1430658534 1430659342 48
1388144001 1388144304 15
2458165466 2458166114 31
2283772644 2283773211 26
2195942114 2195942643 26
1518752546 1518753334 46
1391616046 1391617036 44
2489276336 2489276699 21
630922750 630923642 45
3139766811 3139766963 5
899859971 899860159 5
1684352886 1684353322 17
1975285874 1975286795 44
1609896764 1609896792 2
1972666077 1972666825 35
1224016458 1224017252 36
1476556396 1476556439 1
1954433041 1954433469 21
3447950903 3447951584 32
2168526185 2168526344 10
1157417686 1157417820 8
2708276031 2708276246 13
1638236631 1638237260 37
3177651013 3177651298 14
207131772 207132107 11
1732106077 1732106315 10
1221824920 1221825209 16
1217213355 1217213647 21
2230626538 2230626682 4
3320761219 3320761901 27
2573208881 2573209450 29
1418628058 1418628319 14
3392646402 3392646519 4
2363494784 2363494865 9
2762429499 2762429924 23
2490425363 2490426040 29
3066234924 3066235550 30
3733990581 3733991195 24
2688001373 2688001731 18
2706673698 2706673798 3
2634807072 2634808066 40
3372261468 3372262046 28
2308422475 2308422765 18
3566059617 3566059668 2
2312618711 2312619304 33
2668249484 2668249796 8
1562001100 1562001455 16
2617913602 2617914014 16
1347969089 1347970058 44
1200118463 1200118818 19
2195404261 2195404694 24
1196276875 1196277213 22
911012336 911012620 20
2977847273 2977847879 22
1984498109 1984498346 10
285580264 285580481 12
1760683463 1760684246 36
3336665331 3336666204 49
1935771926 1935772409 31
4083597085 4083597842 33
2363483785 2363484514 27
1496124559 1496125177 35
2900147463 2900147851 17
1378264307 1378264464 4
3588937174 3588937532 12
3704660969 3704661386 20
2068377408 2068377771 16
1746321416 1746321589 4
2177516278 2177516740 19
1754996072 1754996364 11
1037950848 1037950963 5
2661187678 2661188252 20
1407033438 1407034389 47
1731394252 1731394789 26
757878794 757878824 0
2946589423 2946589504 2
2375841032 2375841034 0
2755118370 2755119166 35
2407367742 2407368322 29
2680558239 2680559209 42
2627324674 2627325053 15
2295587662 2295588198 24
2881624080 2881624563 31
1001478966 1001479823 55
1780483243 1780484154 35
760684077 760684313 10
375145378 375145483 5
2384550612 2384550856 10
1535630516 1535631450 44
1911640666 1911641621 38
1153727203 1153727971 37
1625373911 1625374716 36
2675221704 2675222686 36
2908450747 2908450840 5
1555841700 1555842293 27
2206331739 2206332282 26
2122130888 2122131601 35
3371616556 3371617318 35
3406142863 3406143782 54
2255742442 2255742736 17
1675411363 1675411598 9
555616828 555616981 6
1557546516 1557546844 15
3940750216 3940750926 30
2994171235 2994172071 39
1623172018 1623172108 3
2774341988 2774342892 43
2381071232 2381071865 28
1050994474 1050994547 3
1191479455 1191480260 44
1188117118 1188117621 26
1520748491 1520748686 9
2337477588 2337477708 4
2224961193 2224961956 37
2184678273 2184679254 43
1849628425 1849628461 1
1980495725 1980496243 24
2952425553 2952426085 26
707517575 707517896 24
3223853254 3223853426 8
3823138661 3823138701 1
1511617355 1511617753 16
62146893 62147240 21
2149948980 2149949553 22
2093539773 2093540295 21
1448760971 1448761053 3
274460667 274460871 10
2840253397 2840254295 45
3927821126 3927821404 9
2648339421 2648339683 13
1257550724 1257551572 37
3578350047 3578350319 10
3723903276 3723903611 13
1104273278 1104273643 14
1807693918 1807694694 33
2385885487 2385886188 31
2314536356 2314537289 40
2220504866 2220505594 26
2337378603 2337379323 33
1568668392 1568668726 17
1105853689 1105854065 25
2137051613 2137051665 0
1888043360 1888043919 26
2696306516 2696306532 0
344351333 344351872 27
1311823378 1311823487 5
1005900134 1005900248 5
1407077327 1407077753 24
1172813214 1172813437 11
3158109018 3158109550 30
1996883403 1996884278 50
1512275029 1512275619 24
1068417604 1068417735 4
2874941670 2874942164 19
2639345262 2639345865 26
2455168153 2455169135 44
1623687668 1623688083 22
2566848121 2566848525 18
3829935614 3829936165 27
2898320329 2898320463 3
2420341687 2420342102 18
1506066765 1506067360 29
1586361961 1586362258 13
2090163259 2090163413 9
1974260286 1974260873 26
898863314 898863335 2
1249857829 1249858689 41
1046812893 1046813578 34
2510233371 2510234301 32
3682530573 3682530887 14
1837405592 1837406412 35
2375679417 2375679945 22
3139436364 3139436854 24
1721752496 1721753114 18
2966417980 2966418908 41
775333203 775333513 10
755288843 755289068 14
1764701385 1764701822 19
915680861 915681583 34
1528524133 1528524790 26
2466372924 2466373050 6
1431143340 1431143991 35
2082594059 2082594587 32
3341659037 3341659925 45
1640829003 1640829580 31
1766932866 1766933065 10
1880171483 1880171570 6
1456748876 1456749533 29
916029518 916029535 0
1940465376 1940465744 12
3133409482 3133409677 8
472752581 472752847 12
1907012382 1907012910 22
2580099901 2580100179 12
2434694752 2434695424 34
3445057219 3445057219 0
2215083322 2215083605 16
2142114539 2142114921 14
2125480114 2125480448 15
2527929773 2527930194 27
589543144 589544101 51
2442693115 2442693877 33
1873124513 1873125229 35
2020273702 2020274364 39
310925881 310926098 13
4006466327 4006466342 0
997326357 997326721 23
2776213053 2776213544 21
2517893209 2517893746 21
1138047687 1138048558 43
2312684267 2312685123 36
2065724931 2065725901 39
1828313017 1828313528 26
3683042586 3683042947 18
234154434 234154546 5
3859895806 3859896444 24
1294814031 1294814520 24
3009015186 3009015290 3
1869313554 1869313695 8
3086705950 3086706919 50
2159206806 2159207762 43
2220225604 2220226253 32
1595031279 1595031593 16
2190636212 2190636395 7
2292173008 2292173543 21
2186852773 2186853166 21
3172249079 3172249188 4
1020994304 1020994568 11
2170170283 2170170578 7
2302806190 2302807023 48
1799348147 1799348502 14
3396822948 3396823416 22
947989116 947990049 51
2768422109 2768422280 7
2288461035 2288461175 6
1966515426 1966516187 32
1514084313 1514084363 5
1928494054 1928494129 2
1690990406 1690991030 33
3319466578 3319466867 14
1509519313 1509519551 13
721316527 721316910 16
3020583152 3020583495 19
3793181260 3793182241 44
2427186141 2427186152 0
1304235879 1304236071 8
2136742631 2136743499 42
1924553133 1924553307 8
1529198925 1529199141 11
2819993560 2819994047 22
2441192045 2441193002 44
2552001187 2552002120 49
1077679293 1077679711 24
1760741294 1760742020 43
349372454 349372847 24
1283229433 1283229738 17
306714059 306714618 30
2739559058 2739559620 25
1012824143 1012824423 12
3739130543 3739130553 0
2483866206 2483866789 24
1193862929 1193863637 35
3265943661 3265944218 27
1058162924 1058163634 23
1633910125 1633910815 31
2986679004 2986679642 24
2788017691 2788018358 25
2552010500 2552010680 11
2059667838 2059668737 37
3001980112 3001980266 6
2255962955 2255963187 9
1331135679 1331136052 15
3096298463 3096299126 25
1982099866 1982099960 1
1781721148 1781721499 17
2774864803 2774865545 34
1970799416 1970799931 25
3653751264 3653751450 5
1158338892 1158339526 26
308728520 308729242 40
1777430060 1777430703 28
3710668261 3710668615 18
2217993368 2217993507 7
524568322 524568740 20
2538618065 2538618334 9
2167064109 2167064842 39
2840619533 2840620352 44
2718514750 2718514837 3
245341522 245341972 20
728891289 728892126 37
1465843651 1465844261 40
2792581165 2792581869 36
1607999468 1608000297 33
1178042219 1178043111 44
2560872343 2560872948 24
947949022 947949383 16
1473434906 1473435353 25
482896745 482897627 43
2675828686 2675829237 25
1521963975 1521964328 13
2170766374 2170767168 41
2583231542 2583231649 7
1943011509 1943012173 34
3346404741 3346405221 23
2333060160 2333060514 15
2832182560 2832183493 40
1176185801 1176186113 14
1483352948 1483353657 36
964984321 964984929 29
779418814 779419809 45
3382868593 3382868888 15
1962829128 1962829929 36
2377452328 2377452899 27
2549764265 2549765008 43
3004333263 3004333352 3
1984810093 1984810971 47
1658258862 1658259058 14
2717815457 2717815670 7
1439543685 1439544055 11
2363752362 2363752477 7
1924365483 1924366122 29
1587226700 1587226898 9
1997433529 1997433731 10
468018144 468018272 9
2471990061 2471990632 29
1980287029 1980287167 6
2088341720 2088342260 26
2122105393 2122105619 13
2564474792 2564475517 29
1796311308 1796311953 38
1339578918 1339579257 16
3365043994 3365044597 23
1866003486 1866004028 21
932952555 932952729 11
3912295940 3912296270 22
2399675561 2399675574 1
3522241276 3522242136 45
2013727942 2013728774 42
1504972155 1504973145 53
813474588 813474883 16
2866137705 2866138446 33
2455895507 2455896483 44
1545577124 1545577925 39
2512634883 2512635375 19
1464382105 1464382545 20
3552635702 3552636437 38
2172271177 2172271783 30
3276514687 3276514938 10
993247100 993247630 28
3204463043 3204463208 11
3683980288 3683980913 31
2208680670 2208681217 16
365790891 365791022 6
152744480 152745411 41
2037559581 2037560008 9
2049775313 2049775856 22
2169678704 2169679472 35
2338127826 2338128469 26
2529744426 2529744820 16
1014036000 1014036098 5
1734797504 1734798256 33
1736640561 1736641256 26
2237125515 2237125694 9
2954772208 2954772306 6
527565897 527566875 48
3162769819 3162770616 33
2522641295 2522641567 14
2129421602 2129422514 38
1849355036 1849355936 40
3187413750 3187414682 44
2662105038 2662105989 50
3139566605 3139566654 3
633243015 633243921 42
3131162337 3131162662 16
2408541212 2408542009 34
2077245396 2077245511 5
3542426941 3542426955 1
2533906082 2533906182 9
2328197505 2328197834 15
1771064662 1771065541 44
1919486950 1919487864 45
2162477360 2162478125 30
2561232916 2561233542 28
3481544508 3481545137 41
781189321 781189730 24
2940177881 2940178276 20
1270867261 1270868037 38
2237903460 2237903486 1
1736963362 1736964148 36
2297791392 2297791492 4
2786939905 2786940321 12
2791722757 2791723301 21
1901296860 1901297686 43
205304083 205304877 42
658516633 658517179 26
1641016761 1641016823 1
2020606989 2020607831 30
2172444966 2172445773 34
2078468644 2078469513 45
1440549411 1440550395 56
3446101020 3446101402 15
2167293916 2167294632 39
743694704 743694741 0
1956030048 1956030650 21
2493011341 2493011429 4
468212499 468213440 50
2253846217 2253846845 31
2802404843 2802405005 8
2500310812 2500311808 44
3675761629 3675762440 38
1657371015 1657371502 18
512109566 512109856 15
2402454643 2402455276 24
3447188219 3447188713 22
2832887506 2832888360 46
1340741826 1340742301 24
1910929061 1910929812 35
3666832824 3666833635 40
2403905633 2403906314 31
2006594496 2006594995 19
477723512 477723526 1
2751716233 2751716579 10
882877179 882877570 18
3214954151 3214954774 30
1363316644 1363317480 45
2428932232 2428932513 15
1610366734 1610367105 19
3075710789 3075711385 34
2554958417 2554959181 33
2126578264 2126579064 42
3231119741 3231120076 11
2872232923 2872233380 20
1069728081 1069728610 31
2862267213 2862267505 14
1615945776 1615946125 28
1971258757 1971258897 6
2248935011 2248935266 12
2555337105 2555337130 0
1397902589 1397902849 19
1276942272 1276943229 51
1573250491 1573251474 48
3944198261 3944199087 30
2459444202 2459444329 3
1668926606 1668926775 10
724866397 724867195 38
2460151083 2460151304 8
1773071543 1773072159 26
2722040490 2722040872 17
2531439803 2531439838 2
3605175116 3605175724 30
3654873630 3654874525 57
3158258858 3158259826 37
2719563385 2719563558 4
3221664390 3221664644 12
3584548730 3584549211 14
876565752 876566148 18
1821614986 1821615266 12
1587612221 1587613076 42
1102784601 1102784967 21
774606893 774607174 12
582173715 582174116 24
3756604809 3756605222 13
2432714857 2432715279 20
1975199239 1975199900 30
951357870 951357941 5
977136526 977136526 0
1876310320 1876311262 43
1602846964 1602847468 21
2712083566 2712083924 21
2306955419 2306955536 4
1664404794 1664404884 5
2357682186 2357682800 26
1888534910 1888535775 49
2716407169 2716407789 28
2215258272 2215258672 18
1109954618 1109954622 0
1860647291 1860647647 18
1945440537 1945440905 14
1938891200 1938891328 8
77471787 77472161 20
2113841063 2113841073 0
3112938066 3112939055 38
1938054357 1938055283 51
3456236970 3456237669 32
2299215705 2299216267 24
2051539289 2051539637 11
3589773478 3589774285 30
145598666 145599235 27
1896561666 1896561805 6
1355512488 1355513073 23
1444541672 1444542214 18
598339287 598339994 33
2573510143 2573510693 21
1212834506 1212835294 40
2786478910 2786479050 7
1803350281 1803350606 8
3535552444 3535553138 31
3416944772 3416944963 9
902890583 902890903 16
852957092 852957234 9
1279132422 1279132844 17
1698337719 1698338027 17
173287874 173288582 41
740001446 740001991 26
1819918306 1819918393 6
3480813082 3480813817 40
2537673094 2537673642 26
2998629282 2998629812 27
2514154889 2514154940 2
875657468 875658057 29
2455576102 2455576974 41
2925300910 2925301467 20
1102802664 1102803001 13
3221103017 3221103156 7
1999020699 1999020713 0
1883255064 1883255587 23
630378105 630378120 1
1830163301 1830163654 17
1333242023 1333242777 37
3183659586 3183660296 31
2294477534 2294477692 5
2257721187 2257721828 28
3671729832 3671730401 28
2667562670 2667563460 36
2605537857 2605538004 6
1977167005 1977167786 41
2585800397 2585800414 1
3672023181 3672024082 48
2210329185 2210330163 43
1251092642 1251093208 28
1647270645 1647270806 6
2530511967 2530512503 26
1304187033 1304188032 47
2436551013 2436551273 14
225154409 225154976 26
2932366472 2932366480 0
3301582044 3301583010 48
1722990571 1722991264 27
3342704983 3342705702 26
2084945579 2084945675 6
972853474 972853591 7
2462004769 2462005719 43
3035249433 3035249641 11
1647906481 1647907006 26
1521078932 1521079379 17
2506303837 2506304771 34
2191868964 2191869527 25
3355636066 3355636417 15
1385317500 1385317797 10
1909122588 1909123449 42
1668259970 1668260371 21
2957207183 2957207611 20
1591234468 1591235050 29
3389555307 3389555740 21
2429797779 2429797902 10
1317499739 1317499890 8
2029828195 2029829141 46
2857616246 2857616475 11
1030436130 1030436679 23
3053584327 3053584916 34
1588218889 1588219452 26
2576577756 2576578740 40
2106721953 2106721989 2
3630322160 3630322231 4
3141478447 3141479147 33
865345223 865345713 21
1881772610 1881773060 19
3049891707 3049891957 15
1797725790 1797726668 48
1467979843 1467980601 31
1998115797 1998116431 33
2213503480 2213504457 47
281180362 281181098 32
3531363176 3531363648 24
2874540160 2874540870 34
1979273897 1979274146 13
1204384574 1204384950 18
2741741159 2741741461 11
1357045123 1357045205 7
2730581265 2730581279 0
2329021229 2329022187 39
1820624984 1820625653 34
2015116066 2015116993 49
2356245296 2356245609 13
1938600685 1938600945 14
1044496364 1044497256 43
991432074 991432786 32
1661752360 1661752673 13
1618106175 1618106803 39
1890929647 1890930503 39
1238839809 1238840450 33
1250055550 1250055745 11
2353670979 2353671833 42
213957105 213957113 0
2756203386 2756204112 37
2384470028 2384470442 15
4259069551 4259070408 33
1671839975 1671840185 8
1967640302 1967641025 28
2649229027 2649229653 44
3037102346 3037102671 23
834408760 834409566 50
2549619045 2549619092 2
2021462621 2021463405 44
2781302663 2781303503 37
3408712037 3408712610 21
1587997343 1587997633 13
2818510451 2818510817 19
1252057930 1252058034 5
2540652198 2540652488 17
824939929 824940164 11
2728909648 2728910249 21
3630735395 3630735805 25
1250565942 1250566530 24
2239613882 2239614330 20
2094028956 2094029912 37
1858307529 1858308180 22
2523881676 2523882625 38
1457536461 1457536625 9
2424861707 2424862279 34
3021819766 3021820499 29
2339766798 2339767438 29
1628758355 1628758491 6
1094981768 1094982196 19
952394143 952395018 33
1809715218 1809715774 21
3903931375 3903932260 39
2904177572 2904177643 5
2629777435 2629777759 13
2900887615 2900887982 21
2071769847 2071770377 23
3179526475 3179527261 32
2763598964 2763599609 34
1226122710 1226123218 21
2736043984 2736044789 27
1484730857 1484731587 34
880895368 880895575 8
2512534858 2512535736 45
2755708836 2755709594 32
2862475232 2862475239 0
1078518947 1078519157 9
2523747206 2523747514 19
1337135066 1337135968 46
3296901571 3296901677 7
1063678069 1063678873 43
3319529388 3319529889 14
1421066243 1421066691 22
1521563461 1521563461 0
1849935421 1849935529 1
1716234937 1716235224 19
3545323716 3545324178 21
1769086934 1769087652 30
3022258682 3022259027 16
2491146375 2491146557 8
1270731779 1270732436 37
313409040 313409334 13
1428893374 1428893431 3
2078665215 2078665341 4
871934838 871935466 36
2585963327 2585963511 11
1531703707 1531704572 36
1928409472 1928410320 36
2660639802 2660640425 33
2197026365 2197026850 21
1763691872 1763692516 26
1949196658 1949197213 31
2090787935 2090788235 19
3069361070 3069361859 35
954999978 955000527 31
2798380793 2798380835 3
2872044155 2872045079 45
2254509012 2254509121 3
1322038922 1322039476 25
3559252600 3559252816 7
1525633378 1525633877 20
2727310269 2727310532 8
4041361717 4041362022 10
2593886671 2593887448 32
2053932240 2053932568 16
2123950198 2123950615 30
2372691834 2372692517 30
2050513568 2050513805 9
2926502336 2926503189 33
1580465875 1580466399 22
2651034210 2651034994 34
3113971825 3113972468 30
1135204110 1135204152 4
2438591739 2438591835 3
2660348979 2660349204 8
2672410672 2672411435 34
2913256496 2913257390 45
2767106511 2767107346 34
2014886541 2014886623 7
3317236390 3317236705 17
281247830 281248144 20
1113063678 1113064458 30
1319429647 1319430211 26
2991133673 2991133696 0
2755085883 2755086125 7
1566286254 1566287079 37
2223115580 2223116043 18
1155167073 1155167153 4
2764433391 2764433882 23
4077986163 4077986707 22
2212627044 2212627205 10
2988956708 2988957549 32
2691834481 2691835329 38
1067654784 1067655622 38
710304292 710305234 47
3673715243 3673715731 24
1344419596 1344420192 28
2537560130 2537560728 39
2861199469 2861199904 18
3094356301 3094357263 42
2670012854 2670013556 35
2091719689 2091720129 31
178481337 178481508 7
2360469203 2360469492 14
2486340435 2486340974 29
1068960366 1068961216 43
2928223315 2928224301 48
2387451187 2387451379 12
2213750494 2213751151 31
2274524128 2274524591 23
3739524834 3739525759 42
2595033146 2595033855 26
2101596389 2101596984 26
1431160563 1431161063 28
3574859342 3574859788 20
550360369 550360398 1
2513884492 2513884916 22
3098612698 3098613442 40
1312228412 1312229184 34
2066648676 2066649323 27
2997408706 2997409325 30
4169651902 4169652750 34
2129884024 2129884552 18
1717423205 1717424064 39
1852440579 1852440610 2
1097756790 1097757778 44
3127087083 3127087651 22
694916462 694916831 16
2781256001 2781256988 47
3657370577 3657370788 9
2122649195 2122649198 0
847104711 847104775 3
1922456814 1922457000 10
3379703192 3379703733 25
1136862105 1136862227 8
1975241285 1975242050 38
2668833803 2668833826 3
3998379325 3998379857 23
1908878096 1908878283 10
2909047906 2909048200 8
683478290 683478662 19
1119177734 1119178378 29
2516212086 2516212608 25
2681210442 2681211340 45
897849714 897850690 58
2888472896 2888473098 7
613505764 613506722 49
881800107 881800775 40
2497001327 2497001755 23
328886894 328887552 28
2886556428 2886556490 6
2430000395 2430000949 19
981387050 981387384 18
670600417 670601052 35
1067580053 1067581017 48
4024766538 4024767241 39
2049982070 2049982912 45
2565281031 2565281331 14
1970612584 1970613030 17
899749086 899749707 32
862577462 862577849 22
1834263263 1834263306 1
2514427552 2514428262 24
530559848 530560718 45
1409846990 1409847407 20
1994183789 1994184613 39
2111327883 2111328741 41
2282629425 2282630318 46
2211500445 2211500554 4
1659335392 1659335438 3
1387698525 1387699227 31
2080068133 2080068229 1
2708138305 2708139179 44
1493153829 1493154089 12
3263808797 3263809303 17
2475501980 2475502214 13
2016706273 2016706625 13
2500927442 2500928260 46
2662481946 2662481951 0
703403817 703404509 32
1247547246 1247547433 12
2886501365 2886501621 16
1607815627 1607816375 36
2687844377 2687844431 0
2502220735 2502221544 45
2118524756 2118525382 32
1266555682 1266556594 44
1996295584 1996295741 10
430574549 430575210 31
687488810 687489737 51
1519303805 1519304676 38
3788596997 3788597581 22
739697058 739697169 4
1329482485 1329482998 24
1793545831 1793546492 33
1394250437 1394250761 15
2125780096 2125780422 16
1804495393 1804496271 45
565542106 565542331 10
620420679 620421506 41
1480982858 1480983238 20
2387443521 2387443811 8
3272387154 3272387454 10
2548984765 2548985755 57
1710390184 1710390803 20
1872928561 1872929254 33
1217134579 1217135027 25
1759714511 1759715098 26
1706628506 1706629435 52
1572874861 1572875044 7
2061857392 2061857729 17
2273639701 2273640337 29
799755855 799756485 24
3542988778 3542988903 5
2453764608 2453764781 10
2181787728 2181788313 26
2698099247 2698099586 9
974287550 974287602 4
1154131871 1154132047 7
3668206759 3668207189 13
614066433 614066470 2
4248432937 4248433508 16
1180034086 1180034703 31
738501530 738502168 37
2105834107 2105834254 8
2780610350 2780610507 11
2009597052 2009598044 54
1918574307 1918575285 44
2164553862 2164554209 17
1165594175 1165594201 0
1689599572 1689600064 30
3070069266 3070069743 23
3399479481 3399479752 13
1655250077 1655250956 36
2533849467 2533850053 27
1303216892 1303217255 15
1983764560 1983765169 30
3645143402 3645143468 3
1604616988 1604617015 0
1863781118 1863781889 30
1700543357 1700544192 44
1029277453 1029277656 10
2123623103 2123623318 6
1488368870 1488369373 18
2666503529 2666504071 24
1669340747 1669340902 7
2826151898 2826152529 26
2392585288 2392586246 37
3490412114 3490412301 12
2978796951 2978797150 6
2378462910 2378462982 3
