2651220269 2651221046 36
3672384708 3672385043 12
2369645878 2369646527 30
2214843783 2214843810 0
1885888749 1885889512 44
3332694466 3332694892 22
1607544908 1607545119 13
816297935 816298364 21
1197487312 1197488174 38
2378839190 2378839325 4
2903493731 2903493753 2
2004856127 2004856294 9
3148979849 3148979860 2
2787654271 2787654644 15
2774029340 2774030124 35
2491473735 2491474059 10
2188462685 2188463098 16
597579617 597580597 54
2661001829 2661002691 40
1025906166 1025906447 19
2596123230 2596123314 4
2399996663 2399997168 23
2438372575 2438372888 13
2575541981 2575542876 36
2940920127 2940920941 34
2158748801 2158749165 13
2134657793 2134657880 7
1301544084 1301544262 8
2490089372 2490089775 20
2670895405 2670895804 19
3318094992 3318095668 32
2787941107 2787941119 0
2605334812 2605334906 4
2992438334 2992438904 30
4016611812 4016612279 18
3268776698 3268777600 46
1934143809 1934144461 34
1620258057 1620258337 13
995933727 995934592 44
1258658133 1258658752 32
492303169 492303200 2
3747846214 3747846985 32
2292725156 2292725865 32
1423403494 1423404350 42
1780051850 1780052436 33
1841732271 1841732954 28
1952434843 1952435371 23
2153138603 2153139432 41
893939522 893939792 9
2983323076 2983323791 25
3004744489 3004745285 34
1406843341 1406843586 15
589616297 589617218 44
2991435934 2991436422 22
450425992 450426833 42
2349957543 2349958043 21
2258844798 2258844922 4
164261901 164262757 45
1662720234 1662720461 15
2801858224 2801859160 40
1957603983 1957604420 20
2448052503 2448052910 15
2766177595 2766178453 37
3369830424 3369830661 11
2956482028 2956482846 41
3395260571 3395260582 2
3659975457 3659976233 42
3537286847 3537287610 29
2499969151 2499969757 32
3691439744 3691440562 38
1927905816 1927906185 25
1996637834 1996638830 47
1203031067 1203031537 26
1839810673 1839811172 20
3182896497 3182897141 28
2717373095 2717373234 7
2284972740 2284973409 35
1690646624 1690647088 19
940049704 940050059 19
3074605152 3074605763 23
2487701450 2487701749 18
2184083089 2184083657 26
1423109762 1423110073 13
2941881415 2941882216 40
1141899391 1141900269 38
2916040625 2916041361 37
2024328070 2024328592 23
2873090173 2873090589 18
1331621540 1331622464 41
3357609699 3357610323 30
1015494636 1015495088 27
2705331278 2705331828 27
2285237539 2285238512 34
2521391012 2521391942 31
2488654827 2488655487 32
2996027362 2996028343 52
3143801895 3143802854 47
2296986586 2296987254 27
3992868285 3992869211 42
2141481550 2141481890 13
2581749774 2581750150 17
2946611478 2946611585 6
937737201 937737380 10
2053125305 2053125717 25
1690135520 1690136179 34
3031664345 3031664555 9
2352633929 2352634135 10
1938017014 1938017386 19
1330976576 1330977395 28
1471562320 1471563224 37
3286895750 3286896690 41
2822227372 2822227600 10
2261640277 2261641261 49
880760578 880760802 13
1621469691 1621470087 23
1330699711 1330699795 5
2924491264 2924491936 39
1984721475 1984721860 19
1384480521 1384481161 34
2455389940 2455390653 34
2112608488 2112609012 29
1371630799 1371631380 27
2937788155 2937788887 37
2653867149 2653867153 0
893775148 893775421 18
2293650626 2293650881 10
3407070002 3407070581 22
3082867877 3082868082 12
1470547188 1470547692 24
415492574 415493328 41
2059185585 2059186529 35
393441404 393441910 25
2659838805 2659839647 36
1206180396 1206180585 10
2380558780 2380559738 41
1430658534 1430659342 48
1388144001 1388144304 15
2458165466 2458166114 31
2283772644 2283773211 26
2195942114 2195942643 26
1518752546 1518753334 46
1391616046 1391617036 44
2489276336 2489276699 21
630922750 630923642 45
3139766811 3139766963 5
899859971 899860159 5
1684352886 1684353322 17
1975285874 1975286795 44
1609896764 1609896792 2
1972666077 1972666825 35
1224016458 1224017252 36
1476556396 1476556439 1
1954433041 1954433469 21
3447950903 3447951584 32
2168526185 2168526344 10
1157417686 1157417820 8
2708276031 2708276246 13
1638236631 1638237260 37
3177651013 3177651298 14
207131772 207132107 11
1732106077 1732106315 10
1221824920 1221825209 16
1217213355 1217213647 21
2230626538 2230626682 4
3320761219 3320761901 27
2573208881 2573209450 29
1418628058 1418628319 14
3392646402 3392646519 4
2363494784 2363494865 9
2762429499 2762429924 23
2490425363 2490426040 29
3066234924 3066235550 30
3733990581 3733991195 24
2688001373 2688001731 18
2706673698 2706673798 3
2634807072 2634808066 40
3372261468 3372262046 28
2308422475 2308422765 18
3566059617 3566059668 2
2312618711 2312619304 33
2668249484 2668249796 8
1562001100 1562001455 16
2617913602 2617914014 16
1347969089 1347970058 44
1200118463 1200118818 19
2195404261 2195404694 24
1196276875 1196277213 22
911012336 911012620 20
2977847273 2977847879 22
1984498109 1984498346 10
285580264 285580481 12
1760683463 1760684246 36
3336665331 3336666204 49
1935771926 1935772409 31
4083597085 4083597842 33
2363483785 2363484514 27
1496124559 1496125177 35
2900147463 2900147851 17
1378264307 1378264464 4
3588937174 3588937532 12
3704660969 3704661386 20
2068377408 2068377771 16
1746321416 1746321589 4
2177516278 2177516740 19
1754996072 1754996364 11
1037950848 1037950963 5
2661187678 2661188252 20
1407033438 1407034389 47
1731394252 1731394789 26
757878794 757878824 0
2946589423 2946589504 2
2375841032 2375841034 0
2755118370 2755119166 35
2407367742 2407368322 29
2680558239 2680559209 42
2627324674 2627325053 15
2295587662 2295588198 24
2881624080 2881624563 31
1001478966 1001479823 55
1780483243 1780484154 35
760684077 760684313 10
375145378 375145483 5
2384550612 2384550856 10
1535630516 1535631450 44
1911640666 1911641621 38
1153727203 1153727971 37
1625373911 1625374716 36
2675221704 2675222686 36
2908450747 2908450840 5
1555841700 1555842293 27
2206331739 2206332282 26
2122130888 2122131601 35
3371616556 3371617318 35
3406142863 3406143782 54
2255742442 2255742736 17
1675411363 1675411598 9
555616828 555616981 6
1557546516 1557546844 15
3940750216 3940750926 30
2994171235 2994172071 39
1623172018 1623172108 3
2774341988 2774342892 43
2381071232 2381071865 28
1050994474 1050994547 3
1191479455 1191480260 44
1188117118 1188117621 26
1520748491 1520748686 9
2337477588 2337477708 4
2224961193 2224961956 37
2184678273 2184679254 43
1849628425 1849628461 1
1980495725 1980496243 24
2952425553 2952426085 26
707517575 707517896 24
3223853254 3223853426 8
3823138661 3823138701 1
1511617355 1511617753 16
62146893 62147240 21
2149948980 2149949553 22
2093539773 2093540295 21
1448760971 1448761053 3
274460667 274460871 10
2840253397 2840254295 45
3927821126 3927821404 9
2648339421 2648339683 13
1257550724 1257551572 37
3578350047 3578350319 10
3723903276 3723903611 13
1104273278 1104273643 14
1807693918 1807694694 33
2385885487 2385886188 31
2314536356 2314537289 40
2220504866 2220505594 26
2337378603 2337379323 33
1568668392 1568668726 17
1105853689 1105854065 25
2137051613 2137051665 0
1888043360 1888043919 26
2696306516 2696306532 0
344351333 344351872 27
1311823378 1311823487 5
1005900134 1005900248 5
1407077327 1407077753 24
1172813214 1172813437 11
3158109018 3158109550 30
1996883403 1996884278 50
1512275029 1512275619 24
1068417604 1068417735 4
2874941670 2874942164 19
2639345262 2639345865 26
2455168153 2455169135 44
1623687668 1623688083 22
2566848121 2566848525 18
3829935614 3829936165 27
2898320329 2898320463 3
2420341687 2420342102 18
1506066765 1506067360 29
1586361961 1586362258 13
2090163259 2090163413 9
1974260286 1974260873 26
898863314 898863335 2
1249857829 1249858689 41
1046812893 1046813578 34
2510233371 2510234301 32
3682530573 3682530887 14
1837405592 1837406412 35
2375679417 2375679945 22
3139436364 3139436854 24
1721752496 1721753114 18
2966417980 2966418908 41
775333203 775333513 10
755288843 755289068 14
1764701385 1764701822 19
915680861 915681583 34
1528524133 1528524790 26
2466372924 2466373050 6
1431143340 1431143991 35
2082594059 2082594587 32
3341659037 3341659925 45
1640829003 1640829580 31
1766932866 1766933065 10
1880171483 1880171570 6
1456748876 1456749533 29
916029518 916029535 0
1940465376 1940465744 12
3133409482 3133409677 8
472752581 472752847 12
1907012382 1907012910 22
2580099901 2580100179 12
2434694752 2434695424 34
3445057219 3445057219 0
2215083322 2215083605 16
2142114539 2142114921 14
2125480114 2125480448 15
2527929773 2527930194 27
589543144 589544101 51
2442693115 2442693877 33
1873124513 1873125229 35
2020273702 2020274364 39
310925881 310926098 13
4006466327 4006466342 0
997326357 997326721 23
2776213053 2776213544 21
2517893209 2517893746 21
1138047687 1138048558 43
2312684267 2312685123 36
2065724931 2065725901 39
1828313017 1828313528 26
3683042586 3683042947 18
234154434 234154546 5
3859895806 3859896444 24
1294814031 1294814520 24
3009015186 3009015290 3
1869313554 1869313695 8
3086705950 3086706919 50
2159206806 2159207762 43
2220225604 2220226253 32
1595031279 1595031593 16
2190636212 2190636395 7
2292173008 2292173543 21
2186852773 2186853166 21
3172249079 3172249188 4
1020994304 1020994568 11
2170170283 2170170578 7
2302806190 2302807023 48
1799348147 1799348502 14
3396822948 3396823416 22
947989116 947990049 51
2768422109 2768422280 7
2288461035 2288461175 6
1966515426 1966516187 32
1514084313 1514084363 5
1928494054 1928494129 2
1690990406 1690991030 33
3319466578 3319466867 14
1509519313 1509519551 13
721316527 721316910 16
3020583152 3020583495 19
3793181260 3793182241 44
2427186141 2427186152 0
1304235879 1304236071 8
2136742631 2136743499 42
1924553133 1924553307 8
1529198925 1529199141 11
2819993560 2819994047 22
2441192045 2441193002 44
2552001187 2552002120 49
1077679293 1077679711 24
1760741294 1760742020 43
349372454 349372847 24
1283229433 1283229738 17
306714059 306714618 30
2739559058 2739559620 25
1012824143 1012824423 12
3739130543 3739130553 0
2483866206 2483866789 24
1193862929 1193863637 35
3265943661 3265944218 27
1058162924 1058163634 23
1633910125 1633910815 31
2986679004 2986679642 24
2788017691 2788018358 25
2552010500 2552010680 11
2059667838 2059668737 37
3001980112 3001980266 6
2255962955 2255963187 9
1331135679 1331136052 15
3096298463 3096299126 25
1982099866 1982099960 1
1781721148 1781721499 17
2774864803 2774865545 34
1970799416 1970799931 25
3653751264 3653751450 5
1158338892 1158339526 26
308728520 308729242 40
1777430060 1777430703 28
3710668261 3710668615 18
2217993368 2217993507 7
524568322 524568740 20
2538618065 2538618334 9
2167064109 2167064842 39
2840619533 2840620352 44
2718514750 2718514837 3
245341522 245341972 20
728891289 728892126 37
1465843651 1465844261 40
2792581165 2792581869 36
1607999468 1608000297 33
1178042219 1178043111 44
2560872343 2560872948 24
947949022 947949383 16
1473434906 1473435353 25
482896745 482897627 43
2675828686 2675829237 25
1521963975 1521964328 13
2170766374 2170767168 41
2583231542 2583231649 7
1943011509 1943012173 34
3346404741 3346405221 23
2333060160 2333060514 15
2832182560 2832183493 40
1176185801 1176186113 14
1483352948 1483353657 36
964984321 964984929 29
779418814 779419809 45
3382868593 3382868888 15
1962829128 1962829929 36
2377452328 2377452899 27
2549764265 2549765008 43
3004333263 3004333352 3
1984810093 1984810971 47
1658258862 1658259058 14
2717815457 2717815670 7
1439543685 1439544055 11
2363752362 2363752477 7
1924365483 1924366122 29
1587226700 1587226898 9
1997433529 1997433731 10
468018144 468018272 9
2471990061 2471990632 29
1980287029 1980287167 6
2088341720 2088342260 26
2122105393 2122105619 13
2564474792 2564475517 29
1796311308 1796311953 38
1339578918 1339579257 16
3365043994 3365044597 23
1866003486 1866004028 21
932952555 932952729 11
3912295940 3912296270 22
2399675561 2399675574 1
3522241276 3522242136 45
2013727942 2013728774 42
1504972155 1504973145 53
813474588 813474883 16
2866137705 2866138446 33
2455895507 2455896483 44
1545577124 1545577925 39
2512634883 2512635375 19
1464382105 1464382545 20
3552635702 3552636437 38
2172271177 2172271783 30
3276514687 3276514938 10
993247100 993247630 28
3204463043 3204463208 11
3683980288 3683980913 31
2208680670 2208681217 16
365790891 365791022 6
152744480 152745411 41
2037559581 2037560008 9
2049775313 2049775856 22
2169678704 2169679472 35
2338127826 2338128469 26
2529744426 2529744820 16
1014036000 1014036098 5
1734797504 1734798256 33
1736640561 1736641256 26
2237125515 2237125694 9
2954772208 2954772306 6
527565897 527566875 48
3162769819 3162770616 33
2522641295 2522641567 14
2129421602 2129422514 38
1849355036 1849355936 40
3187413750 3187414682 44
2662105038 2662105989 50
3139566605 3139566654 3
633243015 633243921 42
3131162337 3131162662 16
2408541212 2408542009 34
2077245396 2077245511 5
3542426941 3542426955 1
2533906082 2533906182 9
2328197505 2328197834 15
1771064662 1771065541 44
1919486950 1919487864 45
2162477360 2162478125 30
2561232916 2561233542 28
3481544508 3481545137 41
781189321 781189730 24
2940177881 2940178276 20
1270867261 1270868037 38
2237903460 2237903486 1
1736963362 1736964148 36
2297791392 2297791492 4
2786939905 2786940321 12
2791722757 2791723301 21
1901296860 1901297686 43
205304083 205304877 42
658516633 658517179 26
1641016761 1641016823 1
2020606989 2020607831 30
2172444966 2172445773 34
2078468644 2078469513 45
1440549411 1440550395 56
3446101020 3446101402 15
2167293916 2167294632 39
743694704 743694741 0
1956030048 1956030650 21
2493011341 2493011429 4
468212499 468213440 50
2253846217 2253846845 31
2802404843 2802405005 8
2500310812 2500311808 44
3675761629 3675762440 38
1657371015 1657371502 18
512109566 512109856 15
2402454643 2402455276 24
3447188219 3447188713 22
2832887506 2832888360 46
1340741826 1340742301 24
1910929061 1910929812 35
3666832824 3666833635 40
2403905633 2403906314 31
2006594496 2006594995 19
477723512 477723526 1
2751716233 2751716579 10
882877179 882877570 18
3214954151 3214954774 30
1363316644 1363317480 45
2428932232 2428932513 15
1610366734 1610367105 19
3075710789 3075711385 34
2554958417 2554959181 33
2126578264 2126579064 42
3231119741 3231120076 11
2872232923 2872233380 20
1069728081 1069728610 31
2862267213 2862267505 14
1615945776 1615946125 28
1971258757 1971258897 6
2248935011 2248935266 12
2555337105 2555337130 0
1397902589 1397902849 19
1276942272 1276943229 51
1573250491 1573251474 48
3944198261 3944199087 30
2459444202 2459444329 3
1668926606 1668926775 10
724866397 724867195 38
2460151083 2460151304 8
1773071543 1773072159 26
2722040490 2722040872 17
2531439803 2531439838 2
3605175116 3605175724 30
3654873630 3654874525 57
3158258858 3158259826 37
2719563385 2719563558 4
3221664390 3221664644 12
3584548730 3584549211 14
876565752 876566148 18
1821614986 1821615266 12
1587612221 1587613076 42
1102784601 1102784967 21
774606893 774607174 12
582173715 582174116 24
3756604809 3756605222 13
2432714857 2432715279 20
1975199239 1975199900 30
951357870 951357941 5
977136526 977136526 0
1876310320 1876311262 43
1602846964 1602847468 21
2712083566 2712083924 21
2306955419 2306955536 4
1664404794 1664404884 5
2357682186 2357682800 26
1888534910 1888535775 49
2716407169 2716407789 28
2215258272 2215258672 18
1109954618 1109954622 0
1860647291 1860647647 18
1945440537 1945440905 14
1938891200 1938891328 8
77471787 77472161 20
2113841063 2113841073 0
3112938066 3112939055 38
1938054357 1938055283 51
3456236970 3456237669 32
2299215705 2299216267 24
2051539289 2051539637 11
3589773478 3589774285 30
145598666 145599235 27
1896561666 1896561805 6
1355512488 1355513073 23
1444541672 1444542214 18
598339287 598339994 33
2573510143 2573510693 21
1212834506 1212835294 40
2786478910 2786479050 7
1803350281 1803350606 8
3535552444 3535553138 31
3416944772 3416944963 9
902890583 902890903 16
852957092 852957234 9
1279132422 1279132844 17
1698337719 1698338027 17
173287874 173288582 41
740001446 740001991 26
1819918306 1819918393 6
3480813082 3480813817 40
2537673094 2537673642 26
2998629282 2998629812 27
2514154889 2514154940 2
875657468 875658057 29
2455576102 2455576974 41
2925300910 2925301467 20
1102802664 1102803001 13
3221103017 3221103156 7
1999020699 1999020713 0
1883255064 1883255587 23
630378105 630378120 1
1830163301 1830163654 17
1333242023 1333242777 37
3183659586 3183660296 31
2294477534 2294477692 5
2257721187 2257721828 28
3671729832 3671730401 28
2667562670 2667563460 36
2605537857 2605538004 6
1977167005 1977167786 41
2585800397 2585800414 1
3672023181 3672024082 48
2210329185 2210330163 43
1251092642 1251093208 28
1647270645 1647270806 6
2530511967 2530512503 26
1304187033 1304188032 47
2436551013 2436551273 14
225154409 225154976 26
2932366472 2932366480 0
3301582044 3301583010 48
1722990571 1722991264 27
3342704983 3342705702 26
2084945579 2084945675 6
972853474 972853591 7
2462004769 2462005719 43
3035249433 3035249641 11
1647906481 1647907006 26
1521078932 1521079379 17
2506303837 2506304771 34
2191868964 2191869527 25
3355636066 3355636417 15
1385317500 1385317797 10
1909122588 1909123449 42
1668259970 1668260371 21
2957207183 2957207611 20
1591234468 1591235050 29
3389555307 3389555740 21
2429797779 2429797902 10
1317499739 1317499890 8
2029828195 2029829141 46
2857616246 2857616475 11
1030436130 1030436679 23
3053584327 3053584916 34
1588218889 1588219452 26
2576577756 2576578740 40
2106721953 2106721989 2
3630322160 3630322231 4
3141478447 3141479147 33
865345223 865345713 21
1881772610 1881773060 19
3049891707 3049891957 15
1797725790 1797726668 48
1467979843 1467980601 31
1998115797 1998116431 33
2213503480 2213504457 47
281180362 281181098 32
3531363176 3531363648 24
2874540160 2874540870 34
1979273897 1979274146 13
1204384574 1204384950 18
2741741159 2741741461 11
1357045123 1357045205 7
2730581265 2730581279 0
2329021229 2329022187 39
1820624984 1820625653 34
2015116066 2015116993 49
2356245296 2356245609 13
1938600685 1938600945 14
1044496364 1044497256 43
991432074 991432786 32
1661752360 1661752673 13
1618106175 1618106803 39
1890929647 1890930503 39
1238839809 1238840450 33
1250055550 1250055745 11
2353670979 2353671833 42
213957105 213957113 0
2756203386 2756204112 37
2384470028 2384470442 15
4259069551 4259070408 33
1671839975 1671840185 8
1967640302 1967641025 28
2649229027 2649229653 44
3037102346 3037102671 23
834408760 834409566 50
2549619045 2549619092 2
2021462621 2021463405 44
2781302663 2781303503 37
3408712037 3408712610 21
1587997343 1587997633 13
2818510451 2818510817 19
1252057930 1252058034 5
2540652198 2540652488 17
824939929 824940164 11
2728909648 2728910249 21
3630735395 3630735805 25
1250565942 1250566530 24
2239613882 2239614330 20
2094028956 2094029912 37
1858307529 1858308180 22
2523881676 2523882625 38
1457536461 1457536625 9
2424861707 2424862279 34
3021819766 3021820499 29
2339766798 2339767438 29
1628758355 1628758491 6
1094981768 1094982196 19
952394143 952395018 33
1809715218 1809715774 21
3903931375 3903932260 39
2904177572 2904177643 5
2629777435 2629777759 13
2900887615 2900887982 21
2071769847 2071770377 23
3179526475 3179527261 32
2763598964 2763599609 34
1226122710 1226123218 21
2736043984 2736044789 27
1484730857 1484731587 34
880895368 880895575 8
2512534858 2512535736 45
2755708836 2755709594 32
2862475232 2862475239 0
1078518947 1078519157 9
2523747206 2523747514 19
1337135066 1337135968 46
3296901571 3296901677 7
1063678069 1063678873 43
3319529388 3319529889 14
1421066243 1421066691 22
1521563461 1521563461 0
1849935421 1849935529 1
1716234937 1716235224 19
3545323716 3545324178 21
1769086934 1769087652 30
3022258682 3022259027 16
2491146375 2491146557 8
1270731779 1270732436 37
313409040 313409334 13
1428893374 1428893431 3
2078665215 2078665341 4
871934838 871935466 36
2585963327 2585963511 11
1531703707 1531704572 36
1928409472 1928410320 36
2660639802 2660640425 33
2197026365 2197026850 21
1763691872 1763692516 26
1949196658 1949197213 31
2090787935 2090788235 19
3069361070 3069361859 35
954999978 955000527 31
2798380793 2798380835 3
2872044155 2872045079 45
2254509012 2254509121 3
1322038922 1322039476 25
3559252600 3559252816 7
1525633378 1525633877 20
2727310269 2727310532 8
4041361717 4041362022 10
2593886671 2593887448 32
2053932240 2053932568 16
2123950198 2123950615 30
2372691834 2372692517 30
2050513568 2050513805 9
2926502336 2926503189 33
1580465875 1580466399 22
2651034210 2651034994 34
3113971825 3113972468 30
1135204110 1135204152 4
2438591739 2438591835 3
2660348979 2660349204 8
2672410672 2672411435 34
2913256496 2913257390 45
2767106511 2767107346 34
2014886541 2014886623 7
3317236390 3317236705 17
281247830 281248144 20
1113063678 1113064458 30
1319429647 1319430211 26
2991133673 2991133696 0
2755085883 2755086125 7
1566286254 1566287079 37
2223115580 2223116043 18
1155167073 1155167153 4
2764433391 2764433882 23
4077986163 4077986707 22
2212627044 2212627205 10
2988956708 2988957549 32
2691834481 2691835329 38
1067654784 1067655622 38
710304292 710305234 47
3673715243 3673715731 24
1344419596 1344420192 28
2537560130 2537560728 39
2861199469 2861199904 18
3094356301 3094357263 42
2670012854 2670013556 35
2091719689 2091720129 31
178481337 178481508 7
2360469203 2360469492 14
2486340435 2486340974 29
1068960366 1068961216 43
2928223315 2928224301 48
2387451187 2387451379 12
2213750494 2213751151 31
2274524128 2274524591 23
3739524834 3739525759 42
2595033146 2595033855 26
2101596389 2101596984 26
1431160563 1431161063 28
3574859342 3574859788 20
550360369 550360398 1
2513884492 2513884916 22
3098612698 3098613442 40
1312228412 1312229184 34
2066648676 2066649323 27
2997408706 2997409325 30
4169651902 4169652750 34
2129884024 2129884552 18
1717423205 1717424064 39
1852440579 1852440610 2
1097756790 1097757778 44
3127087083 3127087651 22
694916462 694916831 16
2781256001 2781256988 47
3657370577 3657370788 9
2122649195 2122649198 0
847104711 847104775 3
1922456814 1922457000 10
3379703192 3379703733 25
1136862105 1136862227 8
1975241285 1975242050 38
2668833803 2668833826 3
3998379325 3998379857 23
1908878096 1908878283 10
2909047906 2909048200 8
683478290 683478662 19
1119177734 1119178378 29
2516212086 2516212608 25
2681210442 2681211340 45
897849714 897850690 58
2888472896 2888473098 7
613505764 613506722 49
881800107 881800775 40
2497001327 2497001755 23
328886894 328887552 28
2886556428 2886556490 6
2430000395 2430000949 19
981387050 981387384 18
670600417 670601052 35
1067580053 1067581017 48
4024766538 4024767241 39
2049982070 2049982912 45
2565281031 2565281331 14
1970612584 1970613030 17
899749086 899749707 32
862577462 862577849 22
1834263263 1834263306 1
2514427552 2514428262 24
530559848 530560718 45
1409846990 1409847407 20
1994183789 1994184613 39
2111327883 2111328741 41
2282629425 2282630318 46
2211500445 2211500554 4
1659335392 1659335438 3
1387698525 1387699227 31
2080068133 2080068229 1
2708138305 2708139179 44
1493153829 1493154089 12
3263808797 3263809303 17
2475501980 2475502214 13
2016706273 2016706625 13
2500927442 2500928260 46
2662481946 2662481951 0
703403817 703404509 32
1247547246 1247547433 12
2886501365 2886501621 16
1607815627 1607816375 36
2687844377 2687844431 0
2502220735 2502221544 45
2118524756 2118525382 32
1266555682 1266556594 44
1996295584 1996295741 10
430574549 430575210 31
687488810 687489737 51
1519303805 1519304676 38
3788596997 3788597581 22
739697058 739697169 4
1329482485 1329482998 24
1793545831 1793546492 33
1394250437 1394250761 15
2125780096 2125780422 16
1804495393 1804496271 45
565542106 565542331 10
620420679 620421506 41
1480982858 1480983238 20
2387443521 2387443811 8
3272387154 3272387454 10
2548984765 2548985755 57
1710390184 1710390803 20
1872928561 1872929254 33
1217134579 1217135027 25
1759714511 1759715098 26
1706628506 1706629435 52
1572874861 1572875044 7
2061857392 2061857729 17
2273639701 2273640337 29
799755855 799756485 24
3542988778 3542988903 5
2453764608 2453764781 10
2181787728 2181788313 26
2698099247 2698099586 9
974287550 974287602 4
1154131871 1154132047 7
3668206759 3668207189 13
614066433 614066470 2
4248432937 4248433508 16
1180034086 1180034703 31
738501530 738502168 37
2105834107 2105834254 8
2780610350 2780610507 11
2009597052 2009598044 54
1918574307 1918575285 44
2164553862 2164554209 17
1165594175 1165594201 0
1689599572 1689600064 30
3070069266 3070069743 23
3399479481 3399479752 13
1655250077 1655250956 36
2533849467 2533850053 27
1303216892 1303217255 15
1983764560 1983765169 30
3645143402 3645143468 3
1604616988 1604617015 0
1863781118 1863781889 30
1700543357 1700544192 44
1029277453 1029277656 10
2123623103 2123623318 6
1488368870 1488369373 18
2666503529 2666504071 24
1669340747 1669340902 7
2826151898 2826152529 26
2392585288 2392586246 37
3490412114 3490412301 12
2978796951 2978797150 6
2378462910 2378462982 3
155992778 155992974 12
559819492 559819986 26
2622493490 2622494072 27
2787549006 2787549808 28
1013336499 1013337153 28
2227949969 2227950560 28
1998535524 1998536184 36
2243667472 2243667960 24
2980416028 2980416450 14
1079408071 1079408615 25
2525210472 2525211468 52
1797957902 1797958508 31
2297129846 2297130196 12
1383009085 1383009488 28
1589445088 1589445143 0
2072171097 2072171118 2
2667468026 2667468937 45
2725511983 2725512422 17
1703436306 1703436642 16
1465022115 1465022841 44
3710812767 3710812858 4
3027634770 3027635460 31
1539111230 1539111618 24
733611015 733611405 25
3277637656 3277637896 8
2250597308 2250598105 38
2626125516 2626125857 21
2501840276 2501841105 32
1073186402 1073186554 8
1318960849 1318961359 19
1322659229 1322659556 19
1240274322 1240275122 38
1631625620 1631626394 37
824239318 824240149 51
3753148070 3753148549 22
2841753782 2841753801 1
2465490073 2465490819 38
327925171 327926140 59
2967693845 2967694373 20
2627793882 2627794078 9
2535117004 2535117170 5
919906385 919906523 9
3875087225 3875087943 29
812887484 812888092 26
3853734487 3853734994 19
1702171433 1702172311 41
2872820365 2872820755 16
1443214717 1443215025 16
2286350122 2286350544 25
663211942 663212011 5
2333789588 2333790211 31
2418961235 2418962114 38
1798878007 1798878534 35
4160134780 4160135736 46
3793891627 3793892535 39
3977786204 3977787180 40
2667448523 2667449479 54
2489004101 2489004940 34
1649325918 1649326426 21
3369084025 3369084790 42
2524788327 2524788799 23
2586581701 2586582362 34
2647254821 2647254952 7
2190949660 2190950316 29
2041905535 2041905604 3
1658303222 1658303773 26
1734412854 1734412977 7
2588240856 2588241386 16
2400228754 2400228848 5
1990586743 1990587734 42
1839625058 1839625531 22
2334977055 2334977057 0
2249065472 2249066244 40
3309493886 3309494387 15
2034182485 2034182930 18
2276865758 2276865925 12
3592231490 3592231683 6
2410649102 2410649719 23
175333311 175333707 21
1320117889 1320117897 0
2213247482 2213248299 30
3041028029 3041028179 5
1927453470 1927454357 41
671401812 671402071 14
1285524187 1285524410 13
1121261280 1121261318 2
4156399294 4156399976 37
2320968513 2320969327 38
2398940334 2398941255 37
1744673381 1744674246 31
1579768030 1579768088 6
2281528961 2281529286 18
2141570579 2141571258 32
1659664059 1659664310 9
3026759059 3026759756 36
1842310172 1842310963 40
1912104268 1912105000 39
2823070552 2823071547 52
2868482585 2868483399 41
2301085474 2301086053 27
963982315 963982652 14
2844281814 2844282671 37
1687026435 1687027280 37
1888765297 1888765722 25
316541342 316542088 32
3299504354 3299504959 29
229618201 229619074 46
1141565320 1141565359 0
2003543867 2003544644 39
2990887155 2990887285 6
1128745777 1128745885 6
2925334511 2925335037 16
684263146 684263386 9
2775436096 2775436529 15
1280320581 1280320650 4
1779408085 1779408455 18
1098992590 1098992613 1
1247989745 1247990159 23
252400765 252400770 0
2658649633 2658650054 24
1621475138 1621475314 7
3015612606 3015613286 38
2680140054 2680140311 13
2756628062 2756629000 36
2757257039 2757257718 34
1413818751 1413819576 42
568623370 568624242 51
2133775163 2133776010 39
2489893738 2489894189 24
2357978034 2357978532 20
1891629877 1891630445 34
2054831582 2054831931 20
3544381317 3544381665 16
1604854574 1604855040 24
2419983947 2419984724 38
2011343480 2011343506 3
1530953883 1530954055 14
1208433354 1208433442 5
2185347215 2185347733 17
2170272037 2170272923 44
2006611327 2006611650 13
2823110864 2823111153 14
1102654214 1102654876 37
1824471820 1824472152 17
3469032483 3469032918 12
3021689487 3021689879 16
2261850918 2261851140 10
2288509368 2288509372 1
2202170933 2202171380 17
2255236379 2255237287 47
2958871691 2958871853 9
1639584713 1639584745 2
3460471698 3460472600 42
2511738109 2511738435 16
1550012008 1550012306 9
1185066787 1185067285 28
2830721198 2830721596 20
2760631316 2760631892 26
961088655 961089533 43
2069470604 2069470712 4
4148787899 4148788663 40
500735828 500736243 19
1770080563 1770080677 1
2911268832 2911269042 9
3381671560 3381671728 10
3453789048 3453789519 15
2991481128 2991481568 22
3525701682 3525701986 22
1969916770 1969916921 6
2656957255 2656958107 40
3462127878 3462128819 46
2097072673 2097072765 2
1384902501 1384903447 38
2428271580 2428272099 24
609200785 609201574 34
3691689894 3691690143 11
3960010156 3960010446 11
3676012489 3676013272 43
2980722615 2980723403 41
1928827818 1928828514 36
628080830 628081301 23
2037353343 2037354267 44
1353779126 1353779213 6
2037829879 2037830444 32
2306276414 2306276748 16
1561647092 1561647488 16
989008700 989009597 37
1271598790 1271599082 15
3022565028 3022565184 4
2908028775 2908029142 14
849976987 849977373 15
3144681211 3144682188 40
3850426332 3850427240 51
2589809266 2589810262 44
2274098846 2274099595 35
1989999335 1989999373 0
3043816137 3043816471 12
1984579432 1984579862 25
2337990906 2337991888 51
1779000031 1779000523 28
2964564065 2964564879 34
766876292 766876533 12
1577976683 1577977547 46
2487800444 2487801074 34
1629651858 1629652620 39
1760215359 1760216056 34
2276213546 2276213935 17
2842689280 2842690056 36
2840687752 2840688744 39
3103447933 3103448462 23
1264830344 1264830724 15
2247883110 2247883830 34
1647508633 1647509107 24
2964969687 2964969767 6
1795645208 1795645960 28
2593295257 2593295433 8
2624599633 2624600031 20
2878567034 2878567404 17
2479312604 2479312636 2
2301917725 2301918266 20
3106927524 3106928140 28
1449351691 1449352687 53
2621355089 2621355394 12
1883429455 1883429612 7
1825384058 1825384253 11
2573834094 2573834614 22
1823811604 1823812127 18
2619132726 2619133264 21
2649409595 2649409943 14
2105149472 2105150054 29
2765352386 2765352823 23
1152131460 1152131835 21
2327330282 2327331272 44
3573958239 3573958385 7
3084848480 3084848952 23
2489652863 2489652945 6
1401103101 1401103776 28
4242896386 4242897025 26
3120303762 3120304216 16
3021496627 3021497388 27
607471971 607472412 19
1438027435 1438028310 32
3466078833 3466079319 15
1896683857 1896684255 22
1842295840 1842296585 40
803592697 803593626 42
1373869684 1373869809 8
1882759139 1882759574 19
913860801 913861031 15
3093970923 3093971113 9
2135072637 2135073550 55
1144093469 1144093779 19
3717868758 3717868841 3
3887819000 3887819536 24
3537373652 3537374478 41
2344433124 2344433273 8
2882831509 2882831886 21
2681413118 2681413856 32
2211827027 2211827444 21
1975999187 1975999303 7
1931595420 1931595835 21
549000817 549001570 39
3275314135 3275314991 37
1700447415 1700448130 31
1545842547 1545843023 22
1601380714 1601381325 26
2209231134 2209231336 10
2623013258 2623013535 12
2790656178 2790656653 24
3684980009 3684980610 30
1885030433 1885030851 12
2293246716 2293247083 22
2052689000 2052689323 17
2481952470 2481952947 20
1182753687 1182753913 16
2144872140 2144873104 50
1876933229 1876934201 45
1752806639 1752807366 36
1507767862 1507768526 37
2055677700 2055677715 2
2195539781 2195540102 12
1914943093 1914943588 31
2357981109 2357981310 12
2947555287 2947555807 18
1129033687 1129034677 47
2587273607 2587274395 41
3224257229 3224257941 30
3775332413 3775332904 18
2626944981 2626945197 7
1990921963 1990922267 14
3843262544 3843263415 40
1525627553 1525628534 44
2029468752 2029468842 0
2187649333 2187650035 38
1553133062 1553133595 29
3819246135 3819246546 13
1997434673 1997435619 51
2591897108 2591898097 47
1783195752 1783196625 40
2361986787 2361987157 12
3718282924 3718283709 32
1294663654 1294664191 29
1679342989 1679343277 14
2630042633 2630043404 33
2333747762 2333748521 25
1973212065 1973212246 8
1545824033 1545824034 0
781033248 781033440 9
1431646350 1431646887 30
2857947552 2857947899 19
2820647260 2820647899 39
1367801606 1367802394 40
2561837333 2561837920 31
2318284606 2318285547 41
1437215064 1437215785 34
1047662395 1047662962 31
1589416559 1589417528 59
1991767490 1991767779 8
1735080304 1735081025 30
1298816336 1298816466 3
2673897550 2673898426 42
1113651897 1113652377 25
2438674225 2438674850 33
2235982346 2235982749 20
2693225592 2693226107 24
1068569728 1068570575 53
1181260892 1181261406 33
2881250108 2881250866 34
2317983539 2317984163 32
3422140588 3422141221 26
2113257097 2113257958 35
2109615991 2109616083 2
2558397277 2558397492 10
2991460297 2991461169 43
1743880387 1743880868 23
1149405311 1149405464 10
3181247133 3181247203 4
795295296 795295881 30
3362517640 3362518179 23
1577142275 1577142447 8
2592084049 2592084881 50
2785539280 2785540086 40
3525309573 3525310159 28
3078264968 3078265377 21
3762690070 3762690988 44
573349000 573349484 27
1000355097 1000355475 27
2338157626 2338157842 7
2283556779 2283557772 49
2571632862 2571632938 5
2353718564 2353718865 14
2156227786 2156228681 40
945328779 945329765 41
1159695768 1159696025 12
740343803 740344560 30
2380498476 2380498479 0
2853762221 2853762413 11
3341395930 3341396770 35
2429682415 2429682470 3
2436605215 2436606030 43
2489337624 2489338024 15
406169440 406170167 30
444200305 444200842 23
3014343847 3014343948 4
2518125773 2518126360 21
2846910118 2846910946 36
855134897 855135227 12
1871530891 1871531701 37
2396426102 2396426661 32
3644854521 3644855285 31
751507480 751507780 12
603436325 603436972 33
1691213040 1691214004 49
1097696257 1097697094 50
1901150941 1901151320 11
1421816222 1421816731 25
2380524746 2380525456 37
3630147965 3630148031 2
1066392560 1066392648 6
1267782607 1267783432 37
363500026 363500029 0
707263381 707264006 27
2307816812 2307817696 38
1815521800 1815522269 23
2537557763 2537558752 47
3066784855 3066785706 36
1488734258 1488734666 19
2804651840 2804652046 7
3913482588 3913482673 3
2949941622 2949942073 27
2350634156 2350634277 4
2457414169 2457415014 36
1528967452 1528968156 29
2156977957 2156978192 17
3060822237 3060822777 27
2463658769 2463659326 27
1064914023 1064914139 6
1867206546 1867206741 8
2447099932 2447100239 16
3053536637 3053536650 1
888920239 888920316 5
3147209160 3147209606 27
1841905135 1841905959 43
811704854 811705325 17
3301788220 3301788798 30
2623371585 2623372164 26
2345754818 2345755097 11
2701979018 2701979112 1
3027224856 3027224944 4
2240401243 2240401946 32
1609290787 1609291550 34
1497393516 1497394491 39
464489164 464489778 30
818394542 818395456 51
2227147803 2227148501 34
785855767 785856721 46
1708786937 1708787470 22
2189708275 2189709120 44
738304328 738305127 38
3415541331 3415541459 4
2433942665 2433943654 49
2291626137 2291626286 1
1151038618 1151038777 5
2688631211 2688631934 35
2618930928 2618931357 22
4002760006 4002760822 40
713842623 713842769 6
2407027394 2407027577 12
212102628 212103455 37
871135552 871136289 36
995211861 995212788 43
1473251793 1473252266 20
1157497212 1157497737 22
4037336905 4037337109 8
2334541131 2334541816 28
1498381761 1498382307 25
2004746732 2004747098 21
4051907214 4051907991 31
3899391284 3899392156 47
2426940147 2426940239 5
1874955050 1874955190 5
3852726779 3852726910 4
1267714260 1267714652 15
3174341248 3174341434 7
1801067695 1801068474 29
1522525052 1522525273 7
3124569086 3124569904 37
1873535790 1873536542 35
2106617088 2106617307 9
2414633660 2414633678 1
1918159542 1918160525 47
3051137399 3051138148 34
3810226072 3810226891 41
1051496885 1051497589 31
1758548343 1758548471 6
2107860432 2107860655 11
1807225861 1807226018 8
1570487255 1570487980 35
1657188358 1657188524 9
2279431801 2279432757 45
2160869486 2160869669 4
2296713277 2296713757 27
2012731317 2012732283 51
2466420819 2466420987 10
3400151394 3400152388 51
2853496875 2853497653 32
2324839024 2324839441 17
1671440926 1671441205 12
650242501 650242994 23
1013151383 1013151665 17
3039624074 3039624108 0
2162164679 2162165273 27
2233499978 2233500775 35
2373860583 2373860913 17
3610104095 3610104180 3
1300847264 1300847753 20
1263582440 1263583260 46
2327911413 2327911604 10
2072402677 2072403089 22
2603673322 2603674318 48
2041389711 2041390378 32
2303711389 2303711445 3
2146808458 2146808721 14
1085939697 1085939806 4
2320085638 2320085936 13
1165343679 1165344637 51
1877057904 1877057920 1
1967486876 1967487858 46
859634202 859634430 8
2358171891 2358172517 34
2300080798 2300081578 42
2846230410 2846230986 27
1998366710 1998367206 18
3916704662 3916705167 18
2477730494 2477730618 6
1081595602 1081595949 18
2581796858 2581797163 14
2860722345 2860722408 2
3589812988 3589813945 41
1124343994 1124344769 38
772434043 772434546 22
1278739912 1278740441 19
2657942634 2657942728 6
2848574891 2848575590 31
2077013618 2077014294 31
1805879263 1805879372 9
1188535443 1188535635 13
3636048244 3636048285 1
2886394490 2886395393 48
3159460505 3159460696 11
2763952317 2763952866 26
1593775989 1593776986 49
1952642912 1952643502 28
3839877895 3839878191 14
1898969694 1898970566 33
2744971240 2744971858 33
1100775271 1100776114 38
990923339 990924255 47
2235418671 2235419138 23
3546411822 3546412250 15
2987107389 2987108112 34
710102520 710103354 44
1709111277 1709111616 19
1540049424 1540050158 34
4119621625 4119622148 22
1188140135 1188140317 6
2417135147 2417135207 3
1798468928 1798469741 49
2192863823 2192864680 41
2895165525 2895165674 9
2882234379 2882235195 34
2926504429 2926504790 18
2159231941 2159232607 26
1090875898 1090876075 10
2570011195 2570012139 48
2231200505 2231201150 29
1880323093 1880323184 3
2705914401 2705914525 8
1901571730 1901572217 26
2353689570 2353689951 24
779277482 779277535 1
2089771433 2089772134 40
3583980115 3583980788 28
772095498 772096057 37
1788962774 1788962782 0
2091100691 2091100935 9
2275996844 2275997377 21
3444426504 3444427222 34
2292345713 2292345780 2
3202656790 3202657189 23
3279320615 3279321406 46
1214477279 1214477948 33
2013196601 2013197469 42
3089622561 3089622640 4
1688837289 1688837678 16
1930462409 1930463082 35
2855154412 2855154524 4
2585081146 2585081266 5
2918711542 2918712050 21
1753942125 1753942964 31
1985938423 1985938683 16
2201967518 2201968107 24
1033566543 1033567081 22
2787451089 2787451863 38
2112046109 2112046583 17
3724846448 3724846734 12
1267118019 1267118875 40
3061634859 3061635486 24
1076893129 1076893204 4
1509431855 1509432191 17
270489663 270490157 27
2434311331 2434311935 25
3648217349 3648218068 29
1053736888 1053737751 37
1865416391 1865416987 21
1429767687 1429767965 17
1837891469 1837891624 6
3218300932 3218301043 9
2572971640 2572972153 22
2194249303 2194249435 4
989823418 989824139 28
2239014600 2239014965 15
713849185 713849976 33
575007422 575008287 50
2764628226 2764628542 12
2529097940 2529098529 27
3946362624 3946362629 0
3429125745 3429126422 30
1414984801 1414985229 24
822651334 822651749 17
3406067471 3406068300 40
413753395 413753677 16
2637611216 2637611228 0
2521272886 2521273795 47
704705844 704706590 30
1447439851 1447440552 32
2031870408 2031870470 2
1577631889 1577631925 4
998875504 998876107 33
1372494383 1372494869 32
2060436733 2060437459 37
1185708571 1185709036 26
1182621227 1182621887 34
1404424757 1404425138 17
757372400 757373243 31
1106880549 1106881544 43
1735233243 1735234006 48
2332838303 2332838661 18
1823029366 1823029553 8
631294424 631294891 24
3099366429 3099367112 31
1627134206 1627135113 38
2748579653 2748579806 11
2882584659 2882585575 40
2604156647 2604156708 0
382956547 382957157 31
3043049598 3043050397 35
1645896533 1645897167 39
1768106749 1768107245 30
2677181395 2677181856 19
900804513 900804809 10
1992527221 1992528051 44
2071135618 2071136315 29
1626757273 1626757832 32
1033181424 1033182099 34
995113915 995114060 6
812510951 812511620 35
2517242940 2517243305 16
1244490826 1244491392 34
2288097409 2288097636 7
578106129 578106666 27
2469921015 2469921183 6
2706799694 2706800335 22
2471363394 2471363658 12
3168036871 3168037641 35
1259225230 1259225937 29
2146776316 2146777033 44
1123472430 1123473347 40
522151874 522151891 1
2165844015 2165844220 5
2390875981 2390876928 41
2149130555 2149131187 34
3067741940 3067742401 19
1452838849 1452839494 34
2334489587 2334489981 21
1874399860 1874400687 37
2603009861 2603010063 11
3268401894 3268402211 13
3368988845 3368989355 20
2525393813 2525394443 30
1267314549 1267315335 29
495555565 495556542 44
2202644081 2202644466 18
2017264772 2017265481 27
1566174912 1566175066 8
1882555924 1882556025 6
1814038075 1814039066 53
2173132318 2173132866 26
3329597946 3329598732 40
2232958490 2232958761 18
3318795005 3318795292 18
722762680 722763347 27
1209749826 1209750758 48
3191588843 3191589269 17
549708531 549708594 2
2894596707 2894597024 16
748060363 748060906 21
551843109 551843920 42
1281933730 1281934119 13
3460484099 3460484395 14
2810887287 2810887728 28
1724019279 1724020049 38
2349010626 2349011543 35
3458635976 3458636022 2
2210766882 2210767332 19
3087376579 3087376808 13
1520413984 1520414841 35
2260372605 2260373493 42
2133203394 2133204386 44
2360411548 2360411579 2
1172423583 1172423867 10
1984037699 1984037939 12
995842165 995843041 40
2557964708 2557965639 41
2245219159 2245219919 43
1623780430 1623781005 29
2576204445 2576205218 35
2621561983 2621562384 18
1785501717 1785502372 32
1250137943 1250138616 26
3248429153 3248429232 3
2509235761 2509235920 9
1902804095 1902804677 31
2638883982 2638884966 43
3614096970 3614097056 2
1083184294 1083184303 0
2235709958 2235710676 38
1377283381 1377284138 40
1207231320 1207231608 12
3007487507 3007488208 31
1648601446 1648602090 33
2088944075 2088944634 28
1757567377 1757568241 47
3003481977 3003482509 22
2842872911 2842873168 15
3486507060 3486507902 35
1579310058 1579310573 22
2936663188 2936664025 40
1229004462 1229004808 16
2884504570 2884504955 16
3821124116 3821124806 38
3063803037 3063803878 32
2596579033 2596579519 23
1267810619 1267811064 18
3782946155 3782946861 28
1649786557 1649787234 36
2934563201 2934563487 16
1623545941 1623546894 47
2485780409 2485780546 8
864317377 864318166 34
2304262085 2304262372 15
3611592743 3611593452 28
3000577815 3000578030 9
2374021396 2374021487 3
2223323821 2223324143 16
1867614766 1867615112 16
2390078522 2390079343 45
1731457755 1731457923 11
3416519493 3416519991 19
2210044112 2210044857 42
3267002769 3267003085 13
1793545965 1793546171 11
2026101424 2026102399 52
1427269227 1427269714 21
853047703 853048331 33
3146309766 3146310420 31
1056144234 1056144345 8
2604312110 2604312921 40
2137541992 2137542639 26
3032321989 3032322602 26
1730705726 1730705820 9
2053817321 2053817805 17
2770492515 2770492787 7
2182343045 2182343341 19
3704663179 3704663533 15
2530464480 2530464631 3
2457017154 2457017224 4
2123917105 2123917798 32
1007226630 1007226658 0
3740209784 3740210294 30
449765707 449766691 42
2030091073 2030091458 17
1355360389 1355361163 38
1426151466 1426151832 9
2469002056 2469003013 45
2412268683 2412269551 44
976082465 976082560 3
2698005575 2698006090 26
2867044822 2867045765 35
2752236051 2752236282 10
2416139729 2416139852 4
830791327 830791966 24
1937220459 1937220741 16
3466561251 3466561982 40
2551115637 2551116461 37
2191414967 2191415454 20
1238801712 1238802140 25
749420107 749420867 38
3327582262 3327583204 40
2520895577 2520896255 37
1361682043 1361682919 45
1580647386 1580647722 19
936641631 936642525 45
2200157292 2200157411 3
3258570121 3258570483 18
3521576001 3521576628 33
3372155764 3372156532 37
3119842915 3119843419 14
2741070914 2741071146 8
3243066389 3243067369 49
1923588184 1923588444 13
3527369300 3527370059 29
3642049867 3642050378 26
3622990276 3622991270 43
2748858343 2748858567 13
1341172478 1341172634 5
1812201365 1812201729 21
843060174 843061117 41
3279238127 3279238887 30
3397845454 3397846213 29
1803634561 1803635083 27
912745175 912745699 29
1555968624 1555968678 2
1375558072 1375558521 18
1690591122 1690591562 21
2904699765 2904700266 22
2914331671 2914332140 18
2958288553 2958289383 34
1638506870 1638507510 30
2282568884 2282569078 6
968919229 968920102 42
1206723597 1206723799 10
2429145727 2429146300 21
1277859953 1277860131 6
2100507216 2100508054 40
3860690343 3860691260 41
3637534391 3637535137 41
2655711476 2655712216 24
1887580865 1887581268 20
1926729826 1926730146 18
1721257450 1721258273 30
3194751924 3194752744 36
1284647955 1284648729 44
1780479059 1780479255 10
4010268217 4010269002 32
2132939180 2132939240 3
1784631723 1784632253 24
2630063564 2630064179 26
3364811229 3364811785 27
825661903 825662071 6
557944687 557945545 49
2217810496 2217810645 5
2423037207 2423037772 25
582109799 582110311 23
2365553637 2365554428 41
874025255 874026098 41
1159708066 1159708882 41
1841966444 1841966680 12
1584121649 1584122230 26
2024680549 2024681042 22
3298728381 3298728897 28
4227700727 4227701604 40
1723353890 1723354666 34
2509800890 2509801030 6
1422450738 1422450885 6
2709294298 2709294932 28
3788570969 3788571193 4
1855364200 1855365159 50
1712869114 1712869748 35
3101182930 3101183879 35
1504584529 1504584809 9
2939298657 2939298757 2
2010142648 2010143228 27
2149248105 2149248600 22
842126789 842127182 18
2099046919 2099046979 2
3757980381 3757981289 45
3308591599 3308592065 30
3380944141 3380944843 33
3044881939 3044882111 10
3126066897 3126066941 1
2034960055 2034960583 25
1989371910 1989372037 4
3264856021 3264856074 4
2148554891 2148555710 45
3153505807 3153506375 25
2858766729 2858766873 5
2424045722 2424046085 20
1543825585 1543825749 8
1802227965 1802228094 5
3076449765 3076450516 33
2222768421 2222769319 43
1321401013 1321401461 22
2095701432 2095701961 19
2760503272 2760504258 46
443289975 443290940 51
2148323137 2148323590 26
3074239134 3074239808 34
781434872 781435460 35
3425230409 3425230590 14
3369390435 3369391188 45
2118499479 2118500064 23
464372552 464373329 35
2564635948 2564636209 15
1978603184 1978604068 31
1695884694 1695885381 30
1668043752 1668044188 22
1358093443 1358093480 1
1927141717 1927142027 15
2461165423 2461165730 13
1710079201 1710079403 10
652466303 652466340 1
1323286783 1323287477 37
1416945255 1416945907 30
2050814093 2050814704 29
3225964540 3225964634 5
1653451459 1653451778 10
2339525228 2339525657 20
1265780626 1265781117 28
2123526884 2123527202 13
2420024672 2420025063 13
3084240108 3084240920 38
2043974317 2043975093 27
2768111959 2768112042 4
909903524 909904492 43
3524819580 3524819995 21
318731863 318732606 46
2029898103 2029898506 20
3142622842 3142622913 6
2290857305 2290857992 28
2899831903 2899832335 19
4043969776 4043970539 33
3546803107 3546804020 41
1872704448 1872704811 13
1586309749 1586309771 0
2518738545 2518739023 32
2070908236 2070908655 16
4058346221 4058346853 20
1249211351 1249211802 22
2013096290 2013096532 14
2368715514 2368715826 13
1878664579 1878665091 28
3342893434 3342894313 44
3789721568 3789722380 33
341126938 341127548 32
3637858233 3637859117 28
1873494454 1873494536 7
996454359 996455232 39
1198779528 1198779568 3
1598766940 1598767013 4
2172459831 2172460122 10
1044915577 1044915718 11
1300374285 1300375016 38
687842979 687843520 28
1975433617 1975434271 30
1778082427 1778082818 21
1473125341 1473125860 23
3526777873 3526778302 22
3526487180 3526488057 35
319908809 319909094 12
492867360 492868350 41
2650227442 2650228218 35
2246024239 2246024998 31
679577209 679577412 10
1971074449 1971074922 32
1264374764 1264375707 37
3225700349 3225700793 19
3483508496 3483508890 11
1801178131 1801178556 10
1575404253 1575404594 16
2671799504 2671800240 34
3164112104 3164113025 38
2783522982 2783523744 33
577958278 577958416 5
2484623208 2484623421 11
2402193765 2402194010 12
1821044537 1821045360 38
2614669977 2614670005 0
1484557148 1484557882 32
1776969227 1776969912 33
2943189508 2943190110 35
2860710526 2860711302 34
2574447858 2574447910 3
1237292142 1237292303 6
3832053653 3832054001 14
3744231418 3744232333 38
2751907861 2751908820 51
2328208326 2328209324 44
1704943390 1704943852 30
2261116585 2261117517 42
2169153073 2169154062 49
1921920214 1921920895 28
2022161803 2022162234 12
2568418430 2568418780 14
2092783656 2092784651 49
2566331931 2566332121 6
958470724 958471603 42
2642384030 2642384240 8
364162108 364162333 13
2367434031 2367434732 35
3785153110 3785154091 54
2994151551 2994151998 22
1011057813 1011058187 20
2766878524 2766879400 39
2397121021 2397121113 3
2386408509 2386409391 43
2989451108 2989451657 19
1732326059 1732326271 16
1229703339 1229703941 29
818656448 818657253 34
128670965 128671768 50
2102936400 2102936654 12
3159712334 3159712915 20
1578479330 1578479870 25
2891496827 2891497120 15
2340883886 2340884426 22
1523388277 1523389120 47
3190917863 3190918730 53
3229230025 3229230985 45
1195784506 1195784740 15
1499181539 1499182510 54
2013606905 2013607419 22
366013520 366014064 23
726046836 726047327 14
3514641636 3514642046 16
2234646986 2234647930 49
1599878465 1599879100 27
421323148 421323862 40
3488848715 3488849106 16
2576682682 2576682925 8
5489 5527 6
5323 5383 5
3853 3918 8
1327 1353 1
4264 4335 6
3580 3627 7
5362 5437 10
9241 9313 7
3967 4007 5
4068 4115 6
825 828 1
5922 6020 8
7769 7786 0
2023 2083 8
5472 5474 0
755 768 2
4040 4118 9
8125 8171 4
4396 4448 6
5672 5732 6
4323 4376 7
7607 7644 4
6880 6881 0
2161 2208 4
9441 9470 3
5046 5112 8
5284 5304 2
2516 2569 7
4889 4928 4
7565 7578 2
1341 1361 1
4026 4107 9
751 755 1
5979 6026 4
7956 8008 2
3807 3839 3
7257 7324 5
4669 4758 9
968 999 5
1336 1345 0
3060 3094 5
7027 7124 9
54 97 9
7750 7794 5
4082 4150 8
1657 1680 4
9988 10024 2
7156 7247 12
540 576 6
2238 2334 13
1140 1238 14
7128 7225 10
165 215 9
5238 5271 1
4981 5007 4
7894 7987 9
5660 5681 1
9090 9156 7
4464 4557 10
7010 7108 9
4861 4881 3
321 322 0
3408 3437 2
8293 8341 5
6965 6996 5
8796 8853 8
2929 3006 8
9206 9252 5
427 471 9
6931 6991 9
7370 7395 1
6153 6183 2
6098 6142 5
1449 1463 3
4789 4800 3
1812 1862 4
9831 9916 10
7203 7242 6
2315 2411 14
3539 3571 6
2380 2416 6
6442 6503 6
4613 4661 7
1108 1200 11
93 184 18
3152 3167 2
9217 9222 1
3198 3265 9
901 948 7
4934 5024 15
9458 9504 7
1692 1734 7
1584 1680 13
5233 5284 6
744 817 9
2235 2259 4
1109 1186 9
4786 4860 8
4326 4372 6
3466 3537 9
2989 3007 2
4586 4644 7
5923 5959 4
226 303 14
8783 8843 8
8867 8961 8
8258 8270 2
236 278 8
5808 5877 11
6445 6497 6
4242 4323 9
6029 6032 1
7358 7425 4
3777 3813 4
5765 5860 13
8807 8861 8
213 259 8
7313 7402 7
3882 3921 5
5666 5684 2
9051 9136 7
3612 3621 2
4149 4149 0
3504 3561 10
5669 5718 7
2862 2926 6
8630 8721 12
4319 4360 5
2410 2459 7
377 452 13
8044 8081 4
6929 6939 0
1635 1677 5
7099 7168 7
8133 8150 1
887 971 11
6354 6405 7
846 850 0
1051 1101 8
6813 6886 10
651 726 10
9337 9371 5
4918 4974 10
7975 8003 1
8105 8109 0
5503 5505 1
241 326 14
7112 7188 7
3027 3038 1
98 111 4
9680 9765 8
4697 4783 8
8189 8284 11
2890 2930 5
6245 6301 9
2313 2410 13
2083 2085 1
2531 2533 1
1659 1717 7
682 698 2
1562 1600 5
8618 8622 0
1323 1353 1
32 34 0
6293 6375 13
8215 8240 5
7468 7533 9
1064 1121 8
1160 1166 1
1249 1255 1
6362 6377 2
655 701 7
7917 7955 6
1800 1876 9
6396 6478 7
2045 2055 1
5020 5035 2
2466 2509 4
9098 9149 5
7046 7089 3
5333 5394 6
421 422 1
878 963 11
4810 4849 3
1791 1803 1
5797 5851 9
2327 2379 8
6600 6644 3
2342 2342 0
6173 6263 11
7234 7304 6
9400 9455 8
1585 1652 9
4950 5033 13
718 814 14
8779 8830 6
3610 3610 0
5205 5293 9
685 752 9
2879 2955 9
8779 8855 10
6982 7040 8
5128 5162 2
7703 7725 3
4686 4714 2
8912 8933 3
4798 4811 2
4176 4211 3
180 258 14
9771 9869 12
7475 7525 8
3301 3338 7
7750 7756 1
8277 8364 9
1226 1283 8
3615 3620 1
9833 9931 13
3816 3830 2
532 551 2
5136 5155 2
8099 8148 5
3492 3541 8
2362 2382 3
1984 2078 13
9498 9553 6
6144 6169 2
6657 6702 7
762 769 1
4304 4396 8
5546 5576 4
6549 6611 9
1887 1921 4
9760 9763 0
4048 4092 6
3574 3611 4
8215 8288 10
5938 5945 1
922 974 7
5727 5786 6
3546 3572 4
1014 1056 7
8551 8575 2
5487 5553 7
4783 4826 8
1058 1088 4
1673 1732 6
9492 9505 1
6693 6697 0
5616 5710 13
2248 2339 12
2631 2647 2
7216 7285 7
8523 8614 10
9573 9576 0
3750 3769 3
2181 2197 0
5513 5597 10
5140 5140 0
2750 2774 2
3496 3556 9
254 275 4
4119 4217 11
1434 1499 12
1702 1753 7
4259 4261 2
2594 2636 4
7118 7128 2
8163 8257 11
653 689 6
2597 2600 0
7207 7285 10
5520 5540 3
1862 1874 3
72 137 13
6936 7004 11
1125 1167 4
1442 1539 14
9640 9716 7
8762 8856 10
6279 6352 9
7997 8022 3
8967 9034 8
1388 1418 2
3461 3502 6
1218 1228 1
6445 6470 3
3540 3557 3
7497 7500 1
5329 5398 6
2720 2786 7
7490 7587 14
5808 5840 4
8146 8147 1
8160 8220 7
9495 9535 4
2633 2677 7
6017 6017 0
5312 5317 0
5082 5107 4
9447 9447 0
7536 7580 8
1077 1153 11
561 635 13
2831 2921 12
6144 6147 0
4508 4594 10
2101 2170 9
8918 9017 13
8470 8548 7
9860 9925 6
7870 7915 6
1810 1898 11
446 468 5
7645 7725 10
8599 8691 12
8181 8268 9
5688 5698 2
9916 9965 5
4185 4232 6
8492 8573 9
1003 1055 9
6667 6723 8
6021 6058 5
6055 6146 11
9015 9030 1
2457 2495 4
4761 4828 8
3478 3537 7
7741 7764 4
3439 3531 12
4568 4640 7
5180 5236 6
9935 10031 6
2858 2878 1
4195 4197 0
801 899 15
7054 7074 2
4654 4730 9
5757 5819 6
7567 7639 9
2977 3053 8
4362 4452 10
6995 7035 5
2001 2089 13
5316 5409 9
3781 3865 10
9765 9826 8
6492 6492 0
4057 4059 1
172 176 1
3404 3429 2
9803 9862 9
1145 1154 2
9887 9889 1
7871 7925 7
8027 8028 0
183 224 6
7643 7721 10
6582 6627 3
8267 8317 8
1438 1486 8
8134 8189 5
7361 7439 5
3608 3678 10
6681 6761 9
2374 2411 7
1106 1135 4
6896 6899 1
9339 9374 4
1858 1920 10
590 675 15
7115 7140 3
8626 8685 8
4303 4363 6
4404 4426 3
9810 9852 6
970 1066 16
3397 3480 9
1627 1632 1
2453 2461 1
7138 7166 2
4745 4841 11
9709 9803 12
3199 3247 5
1129 1186 6
8963 9034 9
1294 1372 9
5196 5269 7
7189 7241 7
7833 7926 10
4774 4870 10
3787 3884 12
4644 4681 6
6780 6851 9
6894 6928 4
4579 4611 4
414 491 14
8628 8651 3
23 103 19
5524 5528 1
9589 9676 9
5576 5660 10
6917 6941 1
7157 7164 1
2976 3018 3
2052 2055 1
1690 1730 6
6200 6235 5
9377 9457 11
2606 2677 10
8566 8604 4
6656 6736 11
5567 5603 4
5456 5546 11
6168 6248 9
3094 3152 4
1819 1841 2
2994 3082 11
2147 2150 0
9195 9270 8
4197 4197 0
5578 5666 10
9792 9822 3
2223 2292 9
7463 7544 11
1792 1821 2
4719 4719 0
5010 5096 9
2789 2855 10
2228 2285 8
7798 7821 1
4715 4732 3
6697 6758 6
4705 4801 12
564 617 10
6672 6734 9
4205 4207 0
650 747 14
3085 3110 2
9518 9566 5
406 468 12
6577 6655 7
2463 2502 3
8116 8168 5
4757 4802 7
561 616 10
2020 2097 10
8524 8541 3
5690 5772 8
3914 3969 8
6187 6225 6
1017 1109 16
1892 1911 2
741 818 10
3596 3655 7
5525 5527 1
4273 4328 5
1832 1868 3
6394 6443 3
8340 8344 0
294 296 0
59 73 5
531 567 4
7383 7404 1
870 967 13
8828 8885 7
4587 4684 13
3801 3881 10
568 662 18
1457 1521 9
1153 1188 5
4519 4545 2
1790 1841 4
8515 8551 5
2652 2659 2
2040 2086 5
8461 8513 4
1612 1656 5
3388 3484 11
7918 7928 2
6645 6691 7
4019 4052 5
9296 9316 1
4065 4129 8
5066 5088 3
4029 4048 0
5209 5257 5
7997 8048 4
1251 1315 10
7888 7892 0
6072 6100 4
3202 3287 10
4732 4747 1
6230 6302 9
163 211 10
5082 5142 6
7246 7247 1
745 787 6
3273 3283 0
6407 6446 2
6685 6721 6
910 1004 13
5336 5396 5
5246 5285 4
8124 8210 7
6843 6891 5
5766 5864 14
1434 1533 15
1213 1229 4
4971 4999 4
8164 8170 1
888 898 0
5507 5541 5
8305 8338 3
6444 6456 2
3472 3553 10
1500 1535 3
1376 1464 12
5995 6069 8
6127 6198 7
2460 2483 3
1020 1046 4
2073 2079 0
8725 8811 10
2822 2871 6
7366 7404 2
6455 6461 0
9100 9114 2
2592 2597 1
3447 3536 13
8469 8541 6
4870 4891 3
4007 4053 7
9509 9563 6
9220 9309 9
6825 6857 5
7664 7761 14
6259 6296 5
9355 9439 12
9375 9404 4
5033 5126 11
5867 5907 6
7699 7719 3
6155 6247 10
8725 8727 0
2033 2080 4
9226 9229 1
9868 9901 4
9502 9532 2
5939 6013 6
7719 7736 2
3107 3142 4
3314 3380 10
1472 1494 5
702 801 13
7551 7639 11
292 363 11
9928 10019 8
1091 1126 7
4635 4703 11
2038 2106 9
9715 9779 8
3572 3608 4
850 876 4
1666 1707 5
4500 4537 5
2258 2265 0
7472 7497 4
3325 3369 6
947 975 4
6143 6193 4
6116 6151 5
4621 4717 12
778 790 1
4832 4846 0
1881 1903 2
8434 8482 4
838 896 9
3884 3924 6
7784 7786 0
1182 1267 11
7639 7731 13
6244 6255 1
1717 1787 10
407 423 3
3598 3600 0
3867 3933 10
5689 5729 5
4814 4882 5
553 599 8
8234 8320 11
9220 9288 8
3086 3145 5
5027 5050 1
4451 4514 8
5225 5258 4
1448 1513 11
5426 5519 13
7976 8071 8
7263 7347 7
8864 8877 1
7638 7669 4
3279 3307 3
7571 7616 7
9796 9872 10
444 474 5
9614 9678 8
1050 1103 9
6075 6104 4
2376 2403 6
1593 1646 9
2512 2605 10
6818 6908 12
7086 7133 5
7786 7787 0
5883 5933 4
7914 7935 3
5733 5778 4
6849 6905 6
8343 8388 5
485 572 13
1027 1078 8
8451 8481 2
5504 5583 10
7211 7243 6
7758 7762 1
8186 8256 8
4550 4554 0
4561 4597 5
2503 2602 11
8690 8776 11
1701 1757 7
1908 1994 9
6854 6863 2
9794 9891 12
8107 8186 8
3984 4070 11
3083 3170 9
3916 3955 7
6018 6046 3
9172 9248 10
6284 6342 8
4047 4081 5
8714 8774 7
8823 8893 9
11 76 17
5956 6020 4
6821 6837 4
8202 8229 3
9326 9422 12
1576 1661 12
4628 4640 2
9271 9282 2
700 740 6
9002 9072 9
7020 7094 6
6847 6851 0
1884 1930 4
491 542 7
2206 2272 9
4521 4590 6
9531 9560 4
6633 6637 1
1046 1081 5
2732 2756 3
9183 9191 1
509 520 1
6221 6253 3
7874 7947 9
5672 5749 10
6343 6435 11
1403 1445 6
5997 6085 10
6788 6828 5
6591 6685 9
8506 8518 1
3915 4004 11
7941 7989 3
7093 7132 5
1735 1812 10
8415 8434 4
486 562 10
1082 1141 9
1409 1466 10
2684 2765 13
2186 2213 3
6126 6215 10
4922 4997 11
6877 6887 1
1315 1383 7
7057 7130 8
932 1004 10
562 588 5
7873 7880 3
6917 6925 1
185 218 5
6879 6902 2
6961 6975 3
82 152 14
3271 3337 9
1804 1813 1
8145 8175 4
5398 5465 10
6405 6433 2
4778 4850 9
8448 8535 6
245 326 13
9159 9218 7
959 1043 13
1166 1242 11
9345 9396 4
3209 3233 4
8374 8445 8
538 594 9
4893 4954 8
7574 7623 7
1970 2042 12
979 1000 3
1491 1527 4
2349 2370 2
7808 7905 11
808 813 2
6530 6598 8
1564 1653 13
3352 3383 4
5366 5463 13
4082 4109 3
5274 5283 2
1450 1514 11
3617 3713 13
8678 8770 13
5745 5745 0
9616 9641 4
721 728 1
6813 6835 4
3729 3803 9
220 257 8
5379 5381 1
857 953 15
592 654 12
6027 6085 8
3259 3320 7
7237 7322 9
5270 5358 10
3402 3442 3
1384 1464 11
6432 6461 2
9080 9080 0
206 260 9
3507 3579 11
5576 5612 2
4346 4394 5
1774 1851 9
5251 5282 4
9373 9468 14
3193 3193 0
4505 4510 1
8214 8256 6
4042 4078 4
6782 6826 4
5076 5094 3
9524 9584 4
8000 8057 5
260 266 1
1111 1179 7
7930 7969 5
7356 7432 4
5188 5218 3
8354 8445 10
8114 8141 2
5338 5397 5
9480 9523 4
6816 6862 6
1585 1644 9
3882 3902 1
8303 8314 1
9238 9318 8
3171 3209 5
5489 5573 11
1797 1797 0
9904 9931 4
5991 6051 6
2004 2035 4
6391 6401 1
674 731 7
789 801 1
8516 8585 8
5855 5940 11
4315 4408 9
2544 2594 6
8513 8612 12
9861 9864 0
7731 7763 4
1342 1362 1
9168 9259 11
6172 6244 8
9218 9234 2
6333 6407 10
6047 6123 10
636 658 4
9933 9959 2
2734 2735 0
1695 1737 6
6486 6549 4
5087 5169 9
6913 6913 0
8934 9008 8
4055 4072 1
6158 6207 5
6238 6265 3
1240 1302 9
751 810 8
7278 7362 9
4385 4463 10
6160 6182 2
6400 6445 2
6448 6534 8
7247 7342 9
6780 6865 11
6858 6925 8
1820 1843 2
1819 1825 1
6897 6972 10
123 131 2
7624 7637 0
1087 1152 10
1476 1514 7
5676 5682 0
8923 8936 3
4784 4819 7
1435 1471 6
3881 3916 4
9375 9455 11
8731 8786 8
3917 3958 7
8023 8060 3
2065 2159 14
9195 9257 8
2069 2088 4
4722 4768 5
2032 2041 1
1263 1323 11
7648 7687 5
4967 4990 4
3352 3355 0
4358 4398 4
3640 3679 5
5375 5442 11
5719 5725 0
5522 5559 3
6048 6145 12
1726 1791 9
2444 2466 2
3427 3440 1
6593 6595 0
6911 6936 2
311 385 13
4838 4849 0
5113 5170 5
7234 7252 3
8612 8705 12
2310 2314 1
6184 6269 11
7971 8027 4
8144 8190 5
7893 7937 6
9743 9814 9
5009 5048 5
3245 3333 13
3053 3091 5
9290 9354 8
4816 4870 3
4491 4545 6
265 269 1
2163 2163 0
774 849 9
5445 5529 11
9380 9409 3
7122 7173 4
9885 9951 8
7197 7227 4
2162 2255 9
6454 6525 5
1832 1931 12
8311 8348 3
9538 9540 1
7554 7560 1
9908 9953 5
6712 6785 7
8001 8076 7
4025 4053 3
6002 6072 8
4564 4646 9
1100 1186 10
9086 9123 3
3304 3339 6
1468 1534 10
2280 2302 4
8989 9054 9
3973 3974 0
8054 8117 9
1255 1263 1
569 632 12
4005 4086 10
7688 7747 7
2508 2522 1
9839 9902 8
1184 1187 1
245 281 7
6090 6173 10
5974 6020 4
4671 4765 10
1213 1264 8
8068 8122 8
3768 3861 11
3855 3878 2
8257 8319 9
3783 3861 9
8977 9018 5
8812 8878 9
2500 2520 1
8380 8419 3
6183 6199 2
3094 3175 7
905 989 12
4816 4895 6
4931 5018 15
7025 7121 9
2791 2836 6
9050 9109 5
9838 9896 7
8382 8477 10
7072 7138 6
3274 3324 6
6307 6393 13
9068 9127 4
9758 9758 0
3850 3944 14
9716 9760 6
1427 1500 15
2481 2524 2
3852 3916 7
5731 5760 4
2612 2634 3
8674 8736 9
5081 5094 2
7272 7288 1
6608 6653 3
8334 8368 2
6747 6840 11
4672 4687 2
6152 6183 2
9615 9669 7
3077 3160 7
3298 3302 2
2657 2688 7
747 808 7
5895 5925 3
91 150 11
7704 7721 1
6522 6560 4
3630 3676 6
8954 9045 11
843 883 7
9177 9267 10
4633 4683 9
3405 3442 3
4633 4705 11
3491 3501 2
1408 1449 7
8566 8583 2
1625 1690 6
9630 9702 8
8496 8569 8
8732 8732 0
1191 1197 1
1690 1763 11
1752 1848 11
7764 7860 7
636 730 14
186 255 12
7144 7188 4
2406 2435 3
5668 5717 7
5839 5867 7
1743 1748 1
3845 3913 9
70 98 6
3592 3610 2
5901 5925 2
7471 7563 15
3930 3991 5
4618 4701 11
6158 6192 2
4631 4725 13
2028 2045 2
8416 8488 8
1113 1187 9
3653 3687 4
5776 5868 15
4294898732 4294900603 86
4294925045 4294925805 32
4294921703 4294922375 26
4294898706 4294899889 53
4294907352 4294907841 17
4294925786 4294927199 64
4294929360 4294930798 68
4294924367 4294925271 34
4294939821 4294941258 59
4294939656 4294939760 6
4294908711 4294910378 75
4294914020 4294915371 64
4294922103 4294922842 37
4294916768 4294917613 36
4294933421 4294934075 26
4294942605 4294943041 18
4294930769 4294932060 64
4294930098 4294930214 3
4294919331 4294919467 6
4294939995 4294940252 9
4294908317 4294909124 38
4294913271 4294914182 42
4294940696 4294941646 43
4294935479 4294935550 3
4294902555 4294904361 78
4294908766 4294910088 58
4294935821 4294935975 11
4294938268 4294939284 45
4294912401 4294913953 72
4294919433 4294920200 35
4294909088 4294909991 36
4294942091 4294942822 29
4294911100 4294911851 35
4294906447 4294906956 24
4294916055 4294916553 15
4294938528 4294938744 8
4294909988 4294910777 40
4294909814 4294910070 11
4294937203 4294938850 75
4294912615 4294913797 51
4294901841 4294903048 59
4294932437 4294933715 49
4294941933 4294943816 75
4294926999 4294927254 12
4294923507 4294924015 21
4294897920 4294899913 95
4294939883 4294940812 34
4294920218 4294921823 67
4294943614 4294943889 13
4294912828 4294914099 56
4294904521 4294905754 58
4294931807 4294932238 23
4294900920 4294902239 65
4294896607 4294897425 44
4294918327 4294919694 53
4294942942 4294943714 28
4294944720 4294945929 48
4294939243 4294939531 19
4294910202 4294910900 34
4294922399 4294923278 40
4294944088 4294944357 15
4294914070 4294914688 33
4294908096 4294908748 33
4294932719 4294933949 44
4294942367 4294943409 36
4294942793 4294944494 75
4294944667 4294945007 14
4294942810 4294944163 57
4294897634 4294898806 54
4294898771 4294899750 40
4294912755 4294913631 38
4294917543 4294919008 55
4294931209 4294931363 9
4294909189 4294910719 69
4294904442 4294905442 45
4294906533 4294906592 5
4294916025 4294916363 11
4294930265 4294930732 22
4294936304 4294938260 94
4294907245 4294909163 86
4294939944 4294940494 20
4294923323 4294925300 76
4294922403 4294922858 23
4294911611 4294912514 43
4294903315 4294903521 11
4294917412 4294918282 36
4294916212 4294917845 65
4294938606 4294940126 76
4294939506 4294940299 35
4294903892 4294904884 41
4294927148 4294927311 10
4294940243 4294942010 76
4294928793 4294929225 19
4294915059 4294916903 77
4294914905 4294915541 28
4294941532 4294943271 67
4294920107 4294920192 8
4294937225 4294937655 19
4294912402 4294914154 82
4294943961 4294944833 45
4294906984 4294908199 52
4294913200 4294914945 80
4294944094 4294944876 39
4294935677 4294937017 70
4294897366 4294898385 48
4294908961 4294909035 3
4294897760 4294899496 84
4294915453 4294915841 15
4294901125 4294901553 20
4294923062 4294923972 38
4294934229 4294934575 19
4294902293 4294902897 28
4294910863 4294911933 48
4294928260 4294929935 83
4294936120 4294936839 42
4294936747 4294938232 69
4294931360 4294932354 54
4294897712 4294899198 73
4294899518 4294900717 56
4294940467 4294942171 75
4294937076 4294938588 70
4294919164 4294919268 5
4294913694 4294915666 92
4294942802 4294944571 79
4294896542 4294897618 55
4294912263 4294914080 86
4294911872 4294911905 1
4294932873 4294933078 6
4294901839 4294903646 88
4294927413 4294928043 19
4294914768 4294915548 30
4294928827 4294929639 38
4294895520 4294895569 0
4294902995 4294904546 73
4294907694 4294909172 70
4294939687 4294941505 73
4294907952 4294909690 80
4294911020 4294911962 41
4294941232 4294941999 32
4294934230 4294935044 38
4294917451 4294917546 3
4294916310 4294917576 49
4294908814 4294910571 79
4294933471 4294935407 87
4294941729 4294943433 64
4294896376 4294896819 24
4294922809 4294924194 56
4294934038 4294934649 31
4294899508 4294901415 85
4294944780 4294946166 54
4294895557 4294895679 4
4294899738 4294900817 49
4294941082 4294942912 79
4294939273 4294939547 17
4294912345 4294913782 66
4294917854 4294918647 30
4294901409 4294901833 23
4294906883 4294907248 14
4294931112 4294931698 26
4294918641 4294918740 5
4294899003 4294900574 72
4294910752 4294911880 49
4294937986 4294939784 96
4294921555 4294923001 64
4294913237 4294913491 10
4294926110 4294927904 73
4294898566 4294899658 49
4294926421 4294927361 45
4294934371 4294935618 60
4294919728 4294919952 9
4294904258 4294905264 45
4294924277 4294925198 35
4294935863 4294937643 94
4294913655 4294915620 88
4294902927 4294903219 20
4294921230 4294922240 43
4294945078 4294945684 22
4294938804 4294940680 88
4294924537 4294924766 11
4294935619 4294936785 69
4294924459 4294925318 32
4294944333 4294946248 80
4294935342 4294935528 6
4294910439 4294911666 56
4294901509 4294902282 39
4294897843 4294898665 42
4294915514 4294916335 35
4294925551 4294927114 70
4294918341 4294920075 67
4294899766 4294901438 77
4294902915 4294904507 74
4294938260 4294938855 25
4294900744 4294902268 74
4294912471 4294914130 75
4294935188 4294935686 28
4294944468 4294945409 42
4294907584 4294909371 80
4294930437 4294930451 1
4294940969 4294941033 5
4294944053 4294944164 7
4294902456 4294903500 48
4294912361 4294912979 30
4294895429 4294896457 47
4294900761 4294901932 58
4294908531 4294908592 3
4294916451 4294917945 64
4294919289 4294921167 80
4294907205 4294908112 37
4294895892 4294897156 64
4294926727 4294928587 83
4294899179 4294900924 78
4294938492 4294938669 8
4294941410 4294941421 0
4294931103 4294931312 6
4294941219 4294943003 77
4294922622 4294923887 56
4294898466 4294900071 71
4294943059 4294944105 42
4294904308 4294905076 35
4294939077 4294939178 4
4294908465 4294909877 65
4294905699 4294906885 53
4294941652 4294941688 1
4294929200 4294930597 68
4294897642 4294898655 48
4294900037 4294901804 87
4294908536 4294908595 4
4294901350 4294901992 36
4294938872 4294939007 4
4294930091 4294930589 24
4294939023 4294940899 85
4294905179 4294906279 52
4294935461 4294935812 19
4294929148 4294929967 38
4294906175 4294906890 33
4294934022 4294934323 18
4294938815 4294939682 50
4294923807 4294923929 4
4294934039 4294935972 99
4294915775 4294916683 36
4294940348 4294941124 36
4294942619 4294944323 72
4294902106 4294903078 48
4294896596 4294898206 77
4294907835 4294908089 11
4294918834 4294920565 71
4294927164 4294927740 25
4294898463 4294900426 86
4294936367 4294937696 61
4294900159 4294900557 18
4294910898 4294911305 19
4294938595 4294939470 44
4294921667 4294921854 7
4294944297 4294945179 43
4294913174 4294914042 39
4294901504 4294902571 57
4294907297 4294908115 32
4294900171 4294901356 55
4294919504 4294919678 9
4294898147 4294899396 63
4294904866 4294906826 92
4294921962 4294922872 40
4294922406 4294922921 26
4294926069 4294927884 74
4294913098 4294913458 16
4294932729 4294933321 21
4294908174 4294909439 57
4294921474 4294922221 32
4294897842 4294898659 42
4294933313 4294935237 85
4294907256 4294907380 7
4294895951 4294895986 2
4294910352 4294911171 39
4294938074 4294939158 51
4294924301 4294925020 28
4294938609 4294940382 85
4294934615 4294934633 0
4294942611 4294944178 65
4294928761 4294930669 93
4294913560 4294914290 36
4294942673 4294942973 14
4294929972 4294931713 80
4294931729 4294933223 68
4294928454 4294929823 66
4294898630 4294899803 55
4294922001 4294922703 28
4294927997 4294928986 51
4294934557 4294935148 26
4294895486 4294895795 10
4294899619 4294900420 33
4294923914 4294924275 14
4294930368 4294930428 5
4294912915 4294914524 78
4294913315 4294914579 63
4294939425 4294941139 77
4294931300 4294931790 25
4294920928 4294922597 72
4294930711 4294930994 15
4294944131 4294945906 80
4294913642 4294915469 85
4294902345 4294903642 64
4294896413 4294897011 27
4294935008 4294936626 93
4294900104 4294900198 4
4294935015 4294935880 46
4294898047 4294899707 80
4294935716 4294935889 8
4294931574 4294933531 88
4294915512 4294915563 0
4294938072 4294938076 0
4294919529 4294921097 67
4294934800 4294935283 28
4294912057 4294913487 62
4294924528 4294925281 29
4294906089 4294906859 37
4294930362 4294930868 22
4294905226 4294907040 82
4294920189 4294920895 25
4294905510 4294905805 14
4294918493 4294918557 2
4294917782 4294918182 17
4294913570 4294914661 56
4294942720 4294944516 80
4294899894 4294900602 33
4294921447 4294922421 42
4294944582 4294946547 79
4294938751 4294940310 74
4294912846 4294912978 3
4294909953 4294911520 74
4294922057 4294922955 44
4294906957 4294907127 3
4294905889 4294906646 36
4294943310 4294943820 21
4294933830 4294935598 84
4294944137 4294944754 33
4294937110 4294937779 30
4294900277 4294902185 97
4294913182 4294915125 89
4294927238 4294928751 66
4294932642 4294932898 10
4294898807 4294900523 77
4294921073 4294922103 42
4294921667 4294922688 39
4294919779 4294921099 55
4294902706 4294903458 38
4294929075 4294930353 63
4294908372 4294909996 71
4294903259 4294904517 54
4294908808 4294910307 66
4294898267 4294899910 76
4294937178 4294938389 56
4294912630 4294914116 67
4294933822 4294934599 36
4294911865 4294913393 66
4294903004 4294903437 23
4294941158 4294941935 33
4294936792 4294937149 14
4294937134 4294937615 21
4294927563 4294929238 74
4294921492 4294922163 26
4294912867 4294912888 0
4294921345 4294922695 59
4294933297 4294935282 89
4294904334 4294904817 23
4294909458 4294911445 93
4294909168 4294909473 11
4294935743 4294936533 48
4294915503 4294916878 55
4294895375 4294896595 54
4294912039 4294912248 5
4294903288 4294904680 63
4294897955 4294898463 27
4294913193 4294914692 72
4294896305 4294898137 82
4294906120 4294906911 37
4294902438 4294904391 86
4294916130 4294916935 31
4294921639 4294922800 48
4294896152 4294896768 33
4294905650 4294906981 58
4294926339 4294926461 8
4294933658 4294934164 17
4294918029 4294919456 52
4294913061 4294914245 56
4294924295 4294925784 59
4294909548 4294910905 67
4294942413 4294943498 35
4294915429 4294916411 40
4294906710 4294907917 47
4294944127 4294944237 6
4294927296 4294927319 2
4294896879 4294898394 74
4294918114 4294918185 2
4294940618 4294941293 31
4294942255 4294942928 24
4294901288 4294903282 101
4294942499 4294944141 65
4294928441 4294928853 19
4294931873 4294932959 48
4294905345 4294906117 33
4294914367 4294916062 75
4294915164 4294916972 74
4294936514 4294936861 19
4294910151 4294911867 80
4294923740 4294924050 10
4294921116 4294923021 86
4294898609 4294899202 30
4294925874 4294927739 84
4294934278 4294934726 17
4294912402 4294912809 21
4294944173 4294945071 44
4294926540 4294926809 12
4294896402 4294898009 73
4294928613 4294929278 33
4294944249 4294944879 31
4294915856 4294917829 82
4294912969 4294914889 88
4294929513 4294930970 68
4294926675 4294927951 53
4294924121 4294924295 8
4294925356 4294927059 79
4294932863 4294933486 24
4294944645 4294944848 10
4294938453 4294938470 2
4294906643 4294908376 71
4294936869 4294938642 80
4294928662 4294929841 56
4294935252 4294937128 102
4294916156 4294916879 27
4294934752 4294934935 7
4294895588 4294895920 14
4294916786 4294916817 1
4294896690 4294897332 34
4294939453 4294940676 53
4294917376 4294918390 41
4294921545 4294923402 79
4294940224 4294940756 22
4294930814 4294932533 87
4294944559 4294946232 66
4294945206 4294946593 56
4294917887 4294918752 32
4294916134 4294916525 14
4294943250 4294944804 75
4294903027 4294904561 70
4294913017 4294914178 57
4294917576 4294917911 16
4294903449 4294903675 9
4294914927 4294915376 23
4294912074 4294912282 5
4294921269 4294922408 48
4294915720 4294917494 73
4294936298 4294937294 46
4294928635 4294930463 91
4294922227 4294923621 61
4294901440 4294902596 61
4294938513 4294939774 66
4294897273 4294897566 12
4294897290 4294897708 14
4294937447 4294938070 26
4294931342 4294931819 24
4294919509 4294919531 1
4294940482 4294942112 71
4294914693 4294915872 50
4294920862 4294922683 77
4294907555 4294908012 18
4294920334 4294922000 69
4294932711 4294933019 8
4294910632 4294911874 55
4294938805 4294940535 82
4294898657 4294899000 13
4294914408 4294916178 75
4294907338 4294908597 54
4294923230 4294923542 10
4294933617 4294935528 86
4294936359 4294937989 73
4294908906 4294909978 42
4294945290 4294946491 46
4294910239 4294910844 30
4294902562 4294904049 65
4294900867 4294901691 38
4294937350 4294939089 82
4294914804 4294915683 37
4294909246 4294910398 54
4294912820 4294913709 38
4294922412 4294923523 48
4294919710 4294919830 5
4294930061 4294931601 72
4294929914 4294931211 59
4294929442 4294930851 69
4294911733 4294912872 52
4294909903 4294911852 90
4294903082 4294904478 59
4294917792 4294919059 48
4294929293 4294929528 9
4294908540 4294909320 32
4294911883 4294912933 47
4294932774 4294934675 76
4294931013 4294931933 41
4294916241 4294916996 27
4294921485 4294921773 16
4294903076 4294904469 60
4294940534 4294941986 63
4294916009 4294916501 17
4294900545 4294902034 76
4294899040 4294899702 33
4294942666 4294944311 69
4294930682 4294931522 38
4294928253 4294928719 23
4294923187 4294924582 54
4294900241 4294901454 56
4294919119 4294919583 22
4294942679 4294943726 41
4294902929 4294903826 43
4294908975 4294910746 76
4294931642 4294931770 6
4294922883 4294924754 74
4294919421 4294920592 46
4294931971 4294933481 65
4294915278 4294915702 18
4294912295 4294912565 17
4294926207 4294928187 82
4294937379 4294937430 3
4294898474 4294899783 57
4294936777 4294938057 56
4294938238 4294940161 89
4294918449 4294920032 63
4294896907 4294898368 69
4294940663 4294941416 32
4294898936 4294899886 46
4294900418 4294900428 1
4294927863 4294929150 63
4294913061 4294914717 82
4294934484 4294936392 102
4294897775 4294898601 41
4294908961 4294909831 36
4294911846 4294913618 76
4294896444 4294898160 78
4294923471 4294923494 3
4294896269 4294896961 33
4294931639 4294931720 4
4294928679 4294929179 24
4294939630 4294940985 53
4294908981 4294909628 25
4294906834 4294907857 40
4294911344 4294912680 60
4294919908 4294921641 77
4294928319 4294929938 80
4294917905 4294919690 69
4294925766 4294926674 38
4294910330 4294910543 12
4294907163 4294907927 31
4294901309 4294902290 53
4294902814 4294902974 4
4294896290 4294897795 69
4294900090 4294901101 47
4294931356 4294933176 83
4294925782 4294927737 88
4294935767 4294935944 10
4294932692 4294934679 79
4294924093 4294924645 22
4294913971 4294914558 33
4294931009 4294931307 12
4294941088 4294941115 2
4294902859 4294902945 0
4294896007 4294897758 83
4294932995 4294934413 62
4294916778 4294917414 27
4294904542 4294905538 42
4294940498 4294940606 4
4294916440 4294916441 1
4294910174 4294910966 39
4294917121 4294918105 39
4294900195 4294901895 84
4294902133 4294903835 77
4294943255 4294943617 13
4294924688 4294926050 57
4294934345 4294935589 60
4294897282 4294898790 69
4294919671 4294920118 18
4294923700 4294924962 47
4294911095 4294912989 83
4294900261 4294901328 48
4294938764 4294940549 83
4294945231 4294946910 71
4294903401 4294904670 55
4294901262 4294902275 54
4294940880 4294941437 24
4294897297 4294898810 69
4294902685 4294904196 66
4294921727 4294922375 24
4294923421 4294923595 8
4294917284 4294918459 44
4294933524 4294933898 13
4294914611 4294916356 71
4294912473 4294913102 27
4294900287 4294901659 65
4294926419 4294926459 3
4294932855 4294934261 56
4294903117 4294903972 37
4294925857 4294925928 1
4294921170 4294922639 63
4294917858 4294918396 21
4294926916 4294928702 79
4294900890 4294901877 47
4294895997 4294897968 92
4294939659 4294941181 60
4294916797 4294918794 80
4294908597 4294908864 14
4294902923 4294904655 82
4294934930 4294936474 90
4294942932 4294944656 74
4294904025 4294905614 72
4294933530 4294935238 75
4294932299 4294934241 74
4294896379 4294897163 39
4294940929 4294942321 66
4294916689 4294918490 73
4294911012 4294911995 43
4294921707 4294922393 26
4294937324 4294938560 59
4294898636 4294900593 90
4294918535 4294919690 48
4294915340 4294917148 77
4294913519 4294914196 33
4294915401 4294915540 5
4294915072 4294915327 12
4294915079 4294916570 61
4294909098 4294911078 87
4294903743 4294904935 52
4294933020 4294933839 33
4294930966 4294931605 32
4294899083 4294900017 42
4294930502 4294931347 36
4294905377 4294905757 18
4294919762 4294920002 11
4294901326 4294901516 12
4294901097 4294901824 38
4294931597 4294932101 27
4294944758 4294946230 57
4294899761 4294900190 18
4294941330 4294941437 3
4294916258 4294916437 5
4294931696 4294932928 57
4294902783 4294904285 65
4294914518 4294915655 46
4294900621 4294901726 51
4294907518 4294908754 56
4294940903 4294941824 44
4294941213 4294941521 13
4294921641 4294923254 68
4294936746 4294938367 73
4294927139 4294927885 31
4294906945 4294907150 5
4294935692 4294936929 66
4294935265 4294936400 64
4294943276 4294945269 92
4294898051 4294899457 70
4294930769 4294931962 58
4294916304 4294917692 54
4294930247 4294932014 85
4294900768 4294902488 87
4294924070 4294924724 25
4294928338 4294929953 81
4294911367 4294912757 61
4294909019 4294910599 71
4294911939 4294912763 36
4294920092 4294921603 68
4294931372 4294932923 72
4294895578 4294897454 94
4294910154 4294911899 80
4294900283 4294901441 56
4294905203 4294905809 30
4294944378 4294945346 43
4294909494 4294911400 91
4294934586 4294935785 58
4294939269 4294940855 71
4294918374 4294919623 47
4294908701 4294908929 13
4294926078 4294926598 20
4294931324 4294933168 84
4294917193 4294918519 50
4294928626 4294929929 63
4294930105 4294931047 44
4294912088 4294913345 56
4294942124 4294942822 27
4294937940 4294938121 16
4294907086 4294908531 64
4294922154 4294923278 52
4294910529 4294911469 42
4294926264 4294928090 79
4294919155 4294920211 51
4294911882 4294913293 65
4294926637 4294926642 0
4294899302 4294899528 10
4294938416 4294940378 92
4294919224 4294920203 47
4294921654 4294922744 44
4294940660 4294941489 35
4294939262 4294941102 84
4294925208 4294926410 55
4294922756 4294924197 60
4294921559 4294922657 45
4294904056 4294904931 38
4294929072 4294929428 15
4294923127 4294924379 49
4294941112 4294941771 30
4294918634 4294920580 77
4294911224 4294912894 74
4294921342 4294921756 24
4294929398 4294930228 42
4294922565 4294924531 82
4294913133 4294913502 14
4294944238 4294945033 39
4294910095 4294911535 68
4294904307 4294905944 76
4294896300 4294898177 86
4294896216 4294896945 36
4294938319 4294938988 30
4294909337 4294910534 59
4294896269 4294896393 5
4294920493 4294921700 55
4294922511 4294923973 65
4294921789 4294922995 51
4294932162 4294933971 70
4294909322 4294910702 66
4294934303 4294935004 27
4294907948 4294909100 56
4294940223 4294940977 30
4294915347 4294915969 30
4294917100 4294918034 39
4294917035 4294918223 51
4294944483 4294945821 56
4294929025 4294929163 8
4294944935 4294945161 12
4294897959 4294899343 67
4294918591 4294918728 7
4294926351 4294927837 64
4294905343 4294905791 20
4294906250 4294907685 57
4294939036 4294940053 52
4294930479 4294931728 56
4294911576 4294911737 7
4294918540 4294919681 46
4294938379 4294939432 52
4294933531 4294934992 57
4294901306 4294901329 4
4294916645 4294917796 48
4294911581 4294912499 42
4294910004 4294910076 4
4294931797 4294932774 48
4294895486 4294895686 5
4294924180 4294924931 30
4294939256 4294940673 66
4294917743 4294918826 40
4294898442 4294898603 5
4294908842 4294910509 73
4294927883 4294928053 7
4294915114 4294915631 22
4294903630 4294905077 61
4294911724 4294913151 65
4294940386 4294942296 86
4294935492 4294937401 106
4294940232 4294942099 81
4294934114 4294934818 31
4294901355 4294902032 39
4294923261 4294923360 3
4294914065 4294915565 67
4294916444 4294917711 50
4294908377 4294909131 35
4294896592 4294896714 7
4294922379 4294923533 48
4294917153 4294917831 26
4294923617 4294923939 13
4294928099 4294929440 64
4294917173 4294917939 32
4294912174 4294913556 63
4294900618 4294901541 40
4294929651 4294929741 4
4294942504 4294943327 29
4294906148 4294907230 46
4294927442 4294928622 48
4294922113 4294923194 52
4294924614 4294924998 15
4294942593 4294944190 66
4294904156 4294905559 64
4294921223 4294921276 2
4294942384 4294942597 7
4294924562 4294925149 24
4294918407 4294920334 80
4294907366 4294908726 60
4294906601 4294907649 39
4294924552 4294926274 72
4294914971 4294915357 19
4294929482 4294930596 55
4294915733 4294916692 38
4294932746 4294934160 51
4294929155 4294930884 80
4294932447 4294933618 44
4294941181 4294942729 65
4294918174 4294919425 47
4294911990 4294913182 54
4294919637 4294919851 10
4294941889 4294942278 20
4294934493 4294934785 8
4294944626 4294945707 44
4294943642 4294945356 80
4294942813 4294943560 27
4294939858 4294940663 28
4294903809 4294905409 73
4294913023 4294914069 49
4294902735 4294903554 41
4294926834 4294927884 42
4294914746 4294916406 68
4294917073 4294918087 42
4294932086 4294933428 52
4294932677 4294933189 19
4294922408 4294922682 11
4294896216 4294896507 11
4294944279 4294946158 80
4294922359 4294922395 0
4294903982 4294904921 40
4294921544 4294923338 77
4294899256 4294900794 66
4294918695 4294920218 64
4294912156 4294913378 54
4294936724 4294936774 3
4294925253 4294926635 62
4294911842 4294912783 41
4294904252 4294904278 1
4294910987 4294911238 13
4294895574 4294896499 42
4294928179 4294928785 31
4294910095 4294910289 8
4294896397 4294896964 28
4294902869 4294903053 11
4294924691 4294926429 73
4294899819 4294900172 13
4294917762 4294919276 56
4294939051 4294939534 27
4294916257 4294917990 71
4294899589 4294901196 70
4294931159 4294931257 3
4294914304 4294915892 71
4294929903 4294929935 1
4294919680 4294921379 71
4294902659 4294904345 72
4294898670 4294898773 5
4294931002 4294931177 7
4294902997 4294904538 72
4294944552 4294945626 43
4294927569 4294929266 77
4294910482 4294911682 53
4294896892 4294897236 18
4294940580 4294941225 29
4294896115 4294896219 6
4294918563 4294919799 48
4294907583 4294908449 39
4294901960 4294903013 47
4294906840 4294907566 28
4294921856 4294922276 15
4294920517 4294920942 16
4294923188 4294924589 53
4294936766 4294937516 32
4294909366 4294910543 57
4294913003 4294914026 49
4294927042 4294927410 17
4294904574 4294905638 48
4294915725 4294916848 47
4294913533 4294914168 32
4294935174 4294936114 54
4294928203 4294929054 44
4294903117 4294904272 48
4294917576 4294919439 74
4294939086 4294939610 33
4294918353 4294920351 80
4294915997 4294917715 66
4294916870 4294918625 71
4294905823 4294906775 43
4294924788 4294926188 60
4294941164 4294942313 53
4294916871 4294917253 19
4294909776 4294911271 69
4294903496 4294904935 60
4294904324 4294905883 72
4294896868 4294897959 48
4294924442 4294925960 60
4294941000 4294942381 64
4294908621 4294908985 19
4294914050 4294915283 57
4294914405 4294914591 11
4294940062 4294940600 20
4294919038 4294919046 1
4294901001 4294902729 84
4294941982 4294943133 46
4294937814 4294939256 68
4294944993 4294945248 12
4294899118 4294900937 82
4294907544 4294907871 13
4294911684 4294912405 32
4294917408 4294917444 2
4294899130 4294899868 31
4294897740 4294898550 40
4294917175 4294917754 21
4294930119 4294931835 82
4294919129 4294919545 19
4294945040 4294946437 53
4294906340 4294906850 22
4294897537 4294899136 74
4294936704 4294937773 47
4294914543 4294914613 4
4294920430 4294921482 44
4294926969 4294928361 59
4294912071 4294912499 19
4294903575 4294904408 36
4294927793 4294929399 73
4294930073 4294930090 0
4294910598 4294911726 49
4294898467 4294899635 54
4294915587 4294915941 19
4294940410 4294942282 86
4294904524 4294906014 67
4294941673 4294941749 5
4294897294 4294898672 63
4294933266 4294933857 23
4294926494 4294927273 32
4294906281 4294907945 68
4294905111 4294906802 80
4294897886 4294899644 85
4294899175 4294900303 48
4294922351 4294923971 70
4294920208 4294920372 7
4294935305 4294937087 94
4294928002 4294928818 40
4294939992 4294940992 39
4294910123 4294910661 25
4294926070 4294926363 10
4294897266 4294898464 54
4294940572 4294940601 2
4294904718 4294905468 33
4294926322 4294928050 72
4294919413 4294919750 13
4294909550 4294909614 5
4294897266 4294898419 54
4294923120 4294923619 22
4294923013 4294924130 45
4294904823 4294906190 62
4294912013 4294912473 20
4294921793 4294922367 22
4294938017 4294939173 57
4294931368 4294932168 43
4294923600 4294925102 59
4294927849 4294929572 81
4294906594 4294907113 17
4294929542 4294931171 78
4294940025 4294941101 42
4294923937 4294925439 59
4294919881 4294920983 42
4294931728 4294933522 80
4294905039 4294905131 7
4294945001 4294945889 36
4294898085 4294898850 38
4294902687 4294903178 26
4294937717 4294938177 25
4294897877 4294898731 44
4294917678 4294919021 51
4294905288 4294906599 61
4294934449 4294936253 92
4294926260 4294928158 81
4294932971 4294934109 45
4294933767 4294935360 75
4294926728 4294927612 39
4294913847 4294914178 19
4294938956 4294939970 52
4294945169 4294946114 36
4294931836 4294932607 37
4294903461 4294904129 27
4294921406 4294922198 36
4294904135 4294905600 66
4294912041 4294912617 25
4294932622 4294933843 46
4294929023 4294930053 51
4294918762 4294920230 63
4294902460 4294904378 84
4294935928 4294937086 63
4294915886 4294916779 35
4294906191 4294908165 84
4294925164 4294925714 24
4294936988 4294937456 25
4294913378 4294914161 38
4294905880 4294907255 59
4294903740 4294905339 71
4294939251 4294940693 67
4294896902 4294898456 73
4294932034 4294934031 78
4294926812 4294928744 83
4294920076 4294921181 45
4294900332 4294900435 4
4294900721 4294902518 91
4294915273 4294915565 11
4294935987 4294937417 76
